Fragment	      Mass		    RT	Base	   Volume	 PPM
       1	  922.2241		25.229	Tag+A	   745215	3.04
       2	 1267.2710		25.756	G		   577150	2.60
       3	 1596.3229		28.405	A		   472089	2.44
       4	 1941.3702		29.167	G		   591742	2.06
       5	 2246.4125		30.221	C		   930358	1.34
       6	 2619.4912		35.055	2mG		   276858	1.15
       7	 2924.5312		35.109	C		   937840	1.47
       8	 3229.5745		35.989	C		  1389357	0.71
       9	 3558.6244		37.535	A		   944505	1.38
      10	 3903.6768		38.016	G		  1334405	0.03
      11	 4232.7261		39.120	A		   899666	0.73
      12	 4857.8097		40.778	U+Cm	  2369525	0.37
      13	 5545.9261		42.941	A+Gm	  1777156	0.18
      14	 5874.9889		43.512	A		  1527490	1.58
      15	 6086.9945		43.461	Y'		  2278504	1.03
      16	 6416.0477		44.268	A		  1366254	1.09
      17	 6722.0827		44.327	U		  1049995	2.48
      18	 7041.1313		44.591	mC		  1297495	1.19
      19	 7347.1602		44.775	U		  1560416	1.63
      20	 7692.2118		45.013	G		  1319384	2.11
      21	 8037.2549		45.410	G		  1009813	1.48
      22	 8366.3413		45.858	A		   271843	5.47
      23	 8711.3823		45.865	G		  1226283	4.52
      24	 9070.4677		45.822	mG		   520562	6.80
      25	 9376.4389		45.871	U		   416614	0.81
      26	 9681.5649		45.921	C		   587268	9.54
      27	10000.5521		46.069	mC		   504658	2.27
      28	10306.6258		46.099	U		   925998	6.90
      29	10651.5989		46.183	G		   672326	0.31
      30	10957.6318		46.200	U		   320227	0.39
      31	11302.6636		46.313	G		   962623	1.00
      32	11622.6493		46.492	T		   325162	8.85
      33	11928.6903		46.401	U		  2182861	4.27
      34	12233.7642		46.449	C		   463444	1.50
      35	12578.8603		46.548	G		  2766678	0.47
