922.2241	25.229	745215	278	100
924.207	42.846	61147	279	30.8
933.7631	44.477	64077	280	56.1
936.2402	26.249	74259	283	95.9
944.2065	25.221	75846	287	100
964.2613	42.71	144763	298	64.8
1172.41	42.636	202392	393	99.7
1194.3922	42.653	389614	398	92.5
1216.3741	42.651	87685	399	48.7
1242.2642	27.397	222369	404	80
1267.271	25.756	577150	414	94.1
1280.7617	31.021	74514	422	49.8
1296.7302	30.574	49052	438	47.5
1318.3917	31.64	135553	455	54.8
1319.2658	31.434	335803	456	60
1319.3635	31.374	198516	457	49.6
1373.5532	37.688	40337	498	64.7
1375.5551	37.1	51699	500	51.2
1464.6989	31.419	32281	532	30.4
1490.4555	42.122	47185	540	32.1
1528.9722	37.26	157394	548	69.6
1547.3055	28.167	381923	551	95.1
1596.3229	28.405	472089	562	98.5
1597.9463	44.439	79859	563	64.8
1598.1287	44.469	84218	564	44.8
1612.318	25.808	153204	576	49.9
1681.2707	44.216	124184	638	61.4
1743.9406	43.909	21858	665	35
1760.9343	35.035	32419	668	77.4
1761.2689	35.029	31016	669	80
1852.3472	28.903	732374	690	80
1874.3299	28.932	79860	697	37.8
1881.3723	32.778	412367	699	80
1914.7756	29.046	117877	714	60
1915.2788	29.112	106900	716	36.1
1921.9917	30.961	21955	719	30.1
1933.3565	27.171	115728	728	42.9
1941.3702	29.167	591742	737	100
1948.2629	29.879	195325	742	64.8
1963.3528	29.147	50283	763	58.5
1974.9146	31.447	578979	774	100
1975.2485	31.457	601787	775	100
1975.5824	31.455	542697	776	80
2062.6465	36.881	215760	817	67.7
2062.9769	36.885	169179	818	77.4
2063.8366	37.009	70463	819	50.7
2093.8179	33.373	83071	827	51.1
2145.7653	26.594	148112	840	42.2
2162.0339	38.525	46049	843	52.7
2177.4736	38.821	190483	845	35.4
2181.3995	30.9	201053	848	79.3
2210.4258	34.687	207938	856	77
2228.4004	29.008	109976	863	72
2240.8223	30.989	138977	869	55.7
2246.4125	30.221	930358	875	100
2253.3132	27.06	134159	880	68
2253.8147	27.026	78459	881	66.9
2257.6653	38.026	563670	887	100
2257.9996	38.027	497224	888	80
2258.3324	38.024	452047	890	79.3
2268.3943	30.195	74461	902	56.3
2286.4163	29.411	48739	908	87.8
2291.9525	37.365	82581	913	57.7
2297.9931	37.942	53030	919	38.3
2388.9679	46.423	52468	958	32.6
2420.3758	44.441	57779	966	38.5
2425.2884	44.033	96232	968	33
2486.4409	31.302	370237	973	80
2534.6398	44.461	176119	983	74.7
2539.8821	38.723	414184	984	66
2541.3904	38.773	122677	986	52
2555.4725	35.298	281840	992	73.2
2591.4543	30.54	62915	1013	44.5
2619.4907	33.976	114853	1029	59.9
2619.4912	35.055	276858	1030	91.3
2661.5276	44.539	50550	1047	39.3
2662.2134	37.047	30323	1048	40.6
2723.3962	30.538	63778	1072	33.4
2813.4316	35.172	79099	1078	40.9
2815.4955	33.13	341619	1079	73.9
2835.44	31.103	136753	1083	52.1
2836.3964	25.539	449524	1084	66.7
2837.3995	25.566	70143	1085	48.2
2837.4006	25.347	34083	1086	37.5
2837.9264	39.155	65673	1087	38
2905.4283	38.897	111433	1113	39.8
2906.5228	34.084	39134	1114	52.6
2921.1187	46.166	59916	1123	57.3
2924.5312	35.109	937840	1124	73.6
2926.7025	35.249	47449	1125	32.4
2927.534	35.256	63890	1126	35.5
2930.879	30.481	80507	1131	44.3
2932.8916	30.012	96338	1133	36.2
2937.39	30.309	41890	1139	36.1
2941.6647	46.4	196101	1141	47.2
2941.9144	46.413	166568	1142	53.7
2946.5127	35.042	37799	1144	38
2957.2558	44.465	30837	1149	30.9
2962.3744	31.46	2335139	1151	83.3
2962.8748	31.476	2307790	1152	100
2968.8671	31.433	530355	1155	78.3
2969.42	31.432	323597	1156	44.6
2973.3667	31.452	685626	1158	76.9
2973.8662	31.465	647550	1159	96.4
2978.8818	31.464	92524	1165	43.3
2980.6686	42.089	73316	1167	38
2982.2243	37.008	28838	1169	31.1
3001.2006	41.916	212598	1178	56.6
3073.9729	38.395	77136	1192	36.1
3093.4659	36.894	479996	1194	100
3093.968	36.889	423992	1195	100
3155.4519	26.827	227296	1198	60
3160.5401	33.755	1133631	1199	100
3172.9138	31.828	68338	1200	38.5
3181.4432	25.928	310246	1203	60
3182.5223	33.748	60471	1205	72.6
3199.1141	30.929	85174	1210	36.6
3204.4687	27.092	241290	1212	100
3214.9856	43.356	149547	1216	49.8
3217.5261	43.361	115832	1218	53.1
3229.5745	35.989	1389357	1224	100
3251.5537	35.989	47876	1233	43.4
3269.6172	35.148	135207	1236	60
3269.6258	35.399	68319	1237	34.2
3317.5171	29.527	266957	1254	93.2
3354.0282	43.58	162623	1263	40.6
3408.4771	25.545	122607	1271	60
3424.4525	25.827	100303	1273	60
3428.364	33.798	178469	1274	51.7
3461.4816	27.938	279630	1278	80
3477.474	26.17	141225	1280	54
3485.5013	25.692	300509	1281	90.8
3489.5898	35.281	486378	1282	63.8
3509.5119	26.776	95276	1283	71.1
3509.6106	38.824	484393	1284	66.6
3510.4964	28.021	306190	1285	60
3526.4883	25.242	164253	1292	42
3543.4603	25.194	438107	1298	71
3547.8951	44.509	94596	1299	52.2
3558.6244	37.535	944505	1308	100
3574.6236	36.05	374468	1313	55.8
3606.4037	42.147	165691	1321	59.3
3608.5455	28.251	207404	1323	60
3622.5578	29.516	203306	1327	75.2
3639.5538	26.21	228443	1333	65.5
3657.565	27.07	1905012	1335	100
3673.5594	25.61	1394852	1339	98.3
3679.5409	27.084	58906	1344	76.7
3702.5056	30.068	270476	1346	64.8
3708.9599	31.624	78099	1347	40.3
3806.5297	29.186	422650	1351	80
3806.5322	28.121	177782	1352	62.3
3814.5575	27.957	132924	1353	72.7
3815.5404	27.725	298107	1354	49.9
3818.6526	36.467	190277	1355	75.6
3822.5228	27.525	418871	1356	72
3827.6234	36.102	873195	1357	75.9
3828.5687	46.183	166291	1358	39.3
3831.9803	41.305	274072	1360	31.1
3832.3394	41.369	327576	1361	54.7
3832.5272	42.049	83213	1362	75.4
3832.6283	36.116	95666	1363	40.7
3851.5374	26.083	210434	1364	39.7
3858.5819	31.585	406721	1371	60.2
3871.541	26.556	540918	1376	76.4
3880.5412	25.491	91333	1378	45.1
3885.6697	37.49	99147	1380	60
3888.5135	25.635	478970	1381	69.3
3889.5095	25.141	150238	1382	43.7
3896.07	38.696	76965	1384	39.2
3901.6575	34.578	141877	1385	35.2
3903.6734	37.538	276678	1386	66.3
3903.6768	38.016	1334405	1387	100
3906.2149	41.829	187730	1388	51.8
3953.6114	28.399	141546	1400	51.8
3968.6234	30.051	110279	1404	78.4
3977.6064	26.998	44464	1407	36.3
3983.486	25.501	184855	1408	66
3984.4714	25.808	7955280	1409	100
3984.5691	26.792	96677	1410	45.3
4002.6105	27.651	757642	1411	97.2
4003.6141	27.661	63830	1412	51.9
4006.4527	25.804	422486	1413	80
4022.419	25.817	347677	1415	81.4
4031.5811	31.526	261636	1416	87
4047.5588	31.76	81942	1417	34.4
4064.5041	26.171	41414	1418	43.1
4088.5103	25.095	171829	1421	52.7
4120.5779	28.826	317962	1423	45.4
4124.6381	36.938	443949	1424	73.5
4135.582	30.012	338159	1425	77.5
4149.235	42.137	36322	1426	30.8
4151.2805	44.452	128184	1427	58.8
4151.5755	29.279	108730	1428	53.5
4151.5776	30.266	797753	1429	87.5
4151.6676	29.302	392787	1430	60
4159.5448	26.946	211665	1432	62.3
4160.577	25.772	1124512	1433	92.2
4162.5627	25.307	262784	1435	57.6
4163.6188	31.476	251358	1436	72
4175.5417	25.076	5094274	1437	80
4185.5814	26.487	668679	1439	75
4185.5856	26.381	2002042	1440	100
4197.5248	25.075	196081	1441	87.5
4197.6979	41.598	471881	1442	66
4201.5759	26.025	655432	1443	76.3
4209.5513	26.812	138983	1445	53.8
4230.6034	27.345	72242	1449	57.6
4232.5761	26.294	384869	1450	60.5
4232.7261	39.12	899666	1451	100
4233.5674	26.344	134733	1452	31.5
4243.5889	31.891	363950	1454	81
4248.5262	26.865	195789	1455	43.8
4248.7168	38.039	430133	1456	76.2
4253.5673	25.112	211043	1458	60
4254.5726	25.142	262567	1461	67.9
4264.6366	29.337	596922	1462	80
4270.5277	25.262	87336	1463	68.8
4271.5044	25.575	1479548	1464	100
4276.6458	26.415	130024	1465	48.7
4282.6477	30.526	4307194	1467	100
4288.5348	26.58	502050	1468	77.1
4289.5148	26.851	11290128	1469	100
4289.5197	26.178	477716	1470	45.6
4293.4952	25.577	50582	1471	35.8
4296.6458	31.518	123877	1473	73.3
4296.6487	32.587	273785	1474	68.1
4304.6288	30.531	125502	1476	77.8
4308.9624	46.168	38288	1477	39.4
4311.4979	26.851	941186	1478	80
4327.4652	26.846	404738	1479	76.1
4333.4761	26.852	187223	1480	95.9
4355.4548	26.864	45395	1481	39.3
4362.6338	30.901	205168	1482	36.9
4378.5867	31.114	296055	1483	61.1
4394.5335	25.941	81516	1484	31.8
4430.7038	37.539	412694	1487	76.5
4431.6986	37.532	37816	1488	40.8
4433.5541	26.43	174502	1489	60
4439.6332	29.735	399747	1491	61.9
4473.6234	39.196	92118	1493	36.1
4477.5993	36.324	99641	1494	43.1
4481.607	26.747	61124	1495	42.7
4490.6215	26.844	2303305	1496	80
4490.6233	27.452	2678230	1497	100
4492.6756	33.218	192671	1498	60
4493.659	33.905	461651	1499	71.9
4496.6356	30.286	773642	1500	75.9
4504.5923	26.641	134271	1501	35
4504.5953	28.173	7009776	1502	100
4504.5956	27.275	121234	1503	33.6
4505.6191	27.065	1589619	1505	80
4508.6689	31.868	252408	1506	57.8
4510.71	36.234	1474976	1507	99.6
4512.1294	38.241	52722	1508	43
4512.6037	27.447	134141	1509	80
4513.6052	26.829	86350	1510	45
4520.5886	26.283	119486	1511	35
4526.571	28.174	481817	1512	80
4526.7813	42.301	493165	1513	80
4528.6015	27.063	75291	1514	75.4
4530.616	27.797	74766	1515	32.9
4532.6895	36.231	62014	1516	70.8
4538.6047	27.019	532770	1517	58.5
4548.5541	28.177	113058	1518	77
4559.5974	25.942	1209559	1519	99
4560.5715	25.869	68516	1520	57.8
4572.6417	33.558	172587	1522	56.4
4577.8016	39.078	288355	1523	53.1
4578.6282	26.751	1128726	1524	80
4582.592	25.958	79657	1525	60
4582.62	26.121	725360	1526	73.8
4584.564	28.062	76294	1527	43.6
4585.5918	26.972	580981	1528	86.7
4594.6687	26.964	84866	1529	44.3
4598.6207	26.415	862513	1530	100
4600.5546	31.442	267136	1532	61.5
4600.5584	27.697	888347	1533	98.6
4601.5677	27.201	410611	1534	65.3
4601.6112	26.724	60229	1535	56.3
4613.5879	26.42	58417	1536	48.5
4618.5682	28.616	8405978	1537	100
4620.596	26.418	40849	1538	44.3
4622.543	27.688	28968	1539	46.9
4625.7164	33.88	213227	1540	70.5
4626.6069	30.898	445407	1541	80
4626.7937	30.901	1409323	1542	80
4627.6927	30.9	516540	1543	99.2
4630.1118	36.703	60680	1544	58.9
4640.5508	28.616	673031	1548	98
4649.6719	30.903	62107	1549	60
4656.5327	28.616	282443	1550	56.2
4662.5277	28.616	127540	1551	80
4710.3747	44.48	80277	1552	61.1
4715.7004	25.342	610631	1553	63.4
4723.5857	27.22	110200	1554	49.4
4735.7428	37.991	370012	1555	60
4739.5873	26.198	144450	1556	46.1
4740.5728	25.603	105252	1557	35
4740.7954	42.256	378465	1558	94.2
4745.667	30.668	98502	1559	69.3
4751.163	38.406	59552	1560	31.2
4753.5983	27.922	128833	1561	48
4778.645	26.423	162822	1562	38.9
4785.6458	31.641	181754	1563	60
4792.6584	26.801	205397	1564	35.4
4794.6325	25.082	270180	1565	58.8
4795.666	27.756	2977672	1566	82.4
4795.6665	27.469	616291	1567	100
4796.6692	27.774	77119	1568	44.2
4810.6668	27.858	1417190	1569	80
4811.6619	25.634	56965	1570	42.3
4812.7242	34.663	185958	1571	35
4814.6764	27.804	71557	1572	54.4
4817.6483	27.8	80988	1573	35.5
4825.6783	31.852	1095465	1574	80
4825.6824	32.508	418805	1575	79
4826.6595	27.485	127559	1577	41.8
4835.6716	28.656	228105	1578	52.6
4837.7171	34.176	325031	1579	71.1
4837.718	33.555	90971	1580	60
4840.8043	40.108	106614	1581	31.9
4842.6655	28.119	294641	1582	56
4843.6576	28.104	37667	1583	45.5
4846.0235	41.421	48279	1584	31
4848.6721	27.957	935638	1585	80
4849.642	28.423	5052206	1586	100
4850.6501	27.74	68381	1587	33.1
4851.6595	27.804	700749	1588	84.3
4857.8097	40.778	2369525	1589	99.5
4858.6695	25.728	145425	1590	43.9
4858.8139	40.775	118305	1591	66.2
4861.5702	28.065	133504	1592	60
4871.6236	28.426	257289	1593	85.3
4878.6738	34.036	360752	1594	80
4880.7964	40.781	49730	1595	44.6
4882.6682	27.788	209098	1596	75.8
4883.6521	28.079	243579	1597	76.3
4883.6554	29.465	182440	1598	60
4888.6526	27.213	214760	1599	60
4889.649	27.216	63381	1600	33.8
4894.6032	28.42	42211	1601	38.3
4904.6483	25.128	271102	1602	70.9
4904.6497	26.195	1021939	1603	90
4904.6504	25.659	521596	1604	68.3
4905.6499	25.584	666473	1605	77.1
4918.82	27.922	347682	1606	60
4919.6544	27.922	44206	1607	51.7
4922.6232	29.355	878990	1608	83.2
4923.677	27.074	763751	1609	68.1
4929.6038	28.915	363721	1610	71.2
4945.606	28.729	1562376	1611	80.4
4952.7564	33.833	525974	1612	75.5
4953.7517	33.841	34483	1613	59.4
4960.6332	29.34	55797	1614	60
4961.1108	28.869	1198789	1615	80
4962.6327	29.467	16773385	1616	94.3
4963.617	29.49	5200761	1617	100
4963.6195	28.13	38681	1618	49.4
4963.6211	28.837	340796	1619	59.6
4964.6204	30.18	207812	1620	51.8
4968.5918	28.739	35450	1621	52.2
4970.7626	33.838	202666	1622	62
4970.7654	34.307	4586208	1623	100
4973.2327	34.547	31023	1624	48.4
4984.601	29.46	387306	1626	80
4985.6016	29.471	818420	1627	80
4987.5991	29.481	598133	1628	84.6
4992.7449	34.306	207042	1629	80
4998.7166	37.867	253260	1630	57
5000.8182	37.462	389414	1631	71.2
5001.5725	29.469	190403	1632	62.2
5002.5671	29.482	617570	1633	100
5007.5772	29.475	337874	1634	85.4
5015.7276	34.296	37228	1635	60.2
5020.7475	26.105	332784	1636	50.3
5021.7326	26.735	40300	1637	32.7
5029.5583	29.472	85897	1638	60
5037.6594	28.175	175102	1639	49.2
5050.7369	34.46	142238	1640	54.4
5059.7599	27.885	315497	1641	52.6
5060.6258	28.487	255423	1642	88.9
5066.7145	34.637	262854	1643	60
5067.8403	43.241	270882	1644	60
5068.641	28.399	81922	1645	53.7
5080.7865	38.495	4098186	1646	100
5084.6362	26.954	169784	1647	78.9
5090.7159	31.852	104892	1648	67.4
5097.7875	38.195	124109	1649	60
5100.6713	26.201	46638	1650	37.3
5100.709	28.456	1668410	1651	80
5101.6566	26.194	44831	1652	32.9
5101.6929	28.785	449625	1653	50
5102.703	28.741	1112422	1654	95.2
5103.7727	38.498	123894	1655	92.4
5112.7824	38.243	323523	1656	71.8
5113.768	38.263	161067	1657	40.3
5113.7848	38.661	92615	1658	38.9
5116.7039	28.157	74571	1659	39
5118.8044	34.489	247211	1660	35.3
5118.812	35.221	146869	1661	47.7
5123.6096	27.707	169910	1662	60
5130.7351	32.134	543595	1663	68.2
5139.7181	29.494	1149192	1664	80
5143.7548	34.022	136217	1665	60
5154.7438	33.19	77016	1666	52.4
5155.7038	27.913	246169	1667	64.8
5155.7052	29.176	166655	1668	60
5155.8378	29.246	91546	1669	34.3
5156.714	27.823	82967	1670	44.7
5166.7669	35.567	176589	1671	48.4
5170.7196	32.459	452824	1673	75.3
5171.7171	32.456	35970	1674	47.9
5182.7722	34.12	311093	1675	60
5193.7081	28.926	4306720	1676	96.4
5194.6897	28.93	1434610	1677	100
5195.7271	26.693	59341	1678	39.8
5202.8636	40.718	653973	1679	77.1
5216.6699	28.933	360622	1680	85.4
5224.6925	28.492	1088443	1681	83.7
5230.7181	29.9	180397	1682	35.4
5233.753	28.379	823926	1683	80
5238.656	28.933	104478	1684	67.8
5246.6591	28.479	78438	1685	60
5249.7098	26.957	1297236	1686	80
5253.6568	29.222	1227462	1687	80
5268.7295	27.622	937476	1688	83
5271.6612	30.028	7662501	1689	100
5271.6823	26.946	82499	1690	60
5275.6377	29.219	45659	1691	60
5281.8077	35.032	551943	1692	75.9
5293.6458	30.027	581210	1693	80
5297.7977	34.051	213414	1694	80
5299.8186	35.352	4835692	1695	100
5300.6863	30.293	143782	1696	45.6
5309.6352	30.033	230432	1697	68.8
5315.8135	34.488	2411905	1698	100
5321.7963	35.353	283151	1699	80
5323.7339	25.48	152975	1700	59.9
5324.7272	25.463	52050	1701	71.1
5326.7516	27.48	88069	1702	60
5327.7771	27.484	47590	1703	48.6
5337.7878	34.487	122311	1704	80
5343.7733	35.34	74706	1705	69.6
5344.8394	37.453	119725	1706	48.9
5364.7646	41.309	56979	1707	50.1
5364.7948	28.25	3396080	1708	100
5370.7172	38.803	237653	1709	53.1
5373.871	43.301	480856	1710	80
5374.8617	43.301	66533	1711	36.2
5375.8765	43.285	184370	1712	64.4
5377.8291	37.378	126637	1713	60
5379.7866	35.441	213266	1714	42.4
5380.7884	27.888	126559	1715	63.4
5384.7796	38.748	370324	1716	60
5386.7722	28.254	246089	1717	95.8
5390.6651	27.727	115515	1718	49.2
5391.8472	39.308	45824	1719	36.6
5395.7672	35.612	350014	1720	66.6
5396.8249	34.862	88381	1721	34.5
5406.7433	29.638	1012343	1722	80
5408.7589	28.25	73908	1723	62.7
5412.7987	38.582	466773	1724	60
5422.8685	38.409	778705	1725	80
5423.8211	35.027	124613	1726	74.5
5423.8664	38.407	98042	1727	50.9
5424.7987	35.03	34916	1728	36.4
5424.8076	38.41	152853	1729	60
5426.7519	29.167	467203	1730	80
5427.7533	29.173	238332	1731	76.8
5429.7165	28.639	78876	1732	60
5435.7976	38.161	183919	1733	40.9
5435.9268	37.081	371798	1734	67.9
5444.7459	28.105	407886	1735	73.7
5444.7527	29.499	295705	1736	35
5444.7645	33.813	860642	1737	72.6
5444.7645	30.1	18718156	1738	99.8
5444.9059	30.104	657216	1739	80
5445.7196	27.361	304179	1740	60
5445.7466	33.837	155151	1741	37.7
5447.7108	27.372	33469	1742	42.8
5449.7346	29.161	31409	1743	60.8
5458.8242	39.043	282044	1744	80
5460.7569	29.795	3287082	1745	97.6
5461.743	27.784	135629	1746	35
5463.8237	35.994	200973	1747	45.8
5464.7933	35.97	49462	1748	45.4
5466.7486	30.074	1293659	1749	97.8
5466.7535	30.953	100120	1750	60.2
5472.8066	35.955	305228	1751	76.6
5482.7172	30.05	333506	1752	61.3
5482.7285	29.808	141805	1753	73.4
5484.7469	30.399	298105	1754	60
5488.7271	30.067	214997	1755	78
5490.7885	33.638	102878	1756	45.4
5493.8164	34.939	1363399	1757	81.5
5494.0452	29.228	540442	1758	80
5498.7404	29.432	296036	1759	80
5498.8452	37.591	101891	1760	45.5
5499.7355	29.457	746963	1761	71
5499.7646	33.819	592660	1762	64.9
5500.738	29.454	1402151	1763	100
5500.7762	33.817	35934	1764	72.1
5501.1409	41.053	105181	1765	48.1
5502.7806	41.051	86817	1766	36.9
5503.7505	35.261	191679	1767	59.9
5511.8306	35.564	6249900	1768	100
5515.8082	34.936	52756	1769	60
5517.7555	28.879	220471	1770	36.9
5519.8108	28.775	76779	1771	54.1
5521.7115	29.417	68544	1772	60
5524.7291	29.946	2153544	1773	80
5527.9143	42.791	125902	1774	60
5529.8341	27.297	467954	1775	48.9
5529.8932	42.7	165506	1776	74.3
5531.7214	27.287	56350	1777	61.1
5531.7347	29.378	148377	1778	56.1
5533.8037	35.568	275351	1779	80
5535.8206	35.55	52357	1780	35
5539.7326	29.729	278736	1781	64.4
5540.7102	30.109	282503	1782	60
5541.7143	30.141	890256	1783	93.9
5545.9261	42.941	1777156	1784	98.6
5546.9308	42.94	213578	1785	87.7
5553.7454	29.733	382704	1786	48.5
5555.7219	27.737	1148576	1787	80
5556.7959	35.572	70434	1788	92.4
5561.7141	29.779	1022094	1789	80
5573.7705	28.187	336076	1790	58.8
5578.7001	27.727	25341	1791	40.3
5578.713	30.588	5548838	1792	80
5579.6942	31.23	130311	1793	47.6
5579.7008	30.594	3712614	1794	91.6
5580.7015	30.015	324133	1795	47.2
5591.7861	35.657	232394	1796	54
5594.6922	30.634	799383	1797	80
5594.7528	29.16	112323	1798	72.9
5595.2663	41.879	64258	1799	43
5595.6867	30.66	365186	1800	64.2
5596.841	32.757	76532	1801	40.8
5601.6787	30.597	164163	1802	79
5603.6828	30.587	261784	1803	69.5
5607.8399	35.821	378709	1804	64.6
5617.6742	30.603	288263	1805	80
5629.7641	26.34	111132	1806	47.1
5644.8684	35.479	2119928	1807	100
5645.8793	35.467	65967	1808	48.7
5648.2139	46.183	185544	1809	35.3
5665.8509	41.771	332762	1810	48.6
5669.8377	28.891	4658733	1811	100
5670.8511	32.71	68397	1812	56.2
5685.8418	28.549	487550	1813	77.4
5691.8119	28.892	146160	1814	80
5692.9239	43.609	453249	1815	62.5
5694.7254	30.171	402923	1816	75.6
5709.7124	30.313	388436	1817	75
5709.838	28.854	180184	1818	52.4
5709.8392	29.516	321404	1819	63.9
5722.8874	40.993	317693	1820	47.7
5724.824	35.831	69091	1821	47.4
5731.7926	29.832	406895	1822	72.8
5732.7911	29.835	78554	1823	60.2
5748.836	28.766	419429	1824	80
5749.8021	28.753	158610	1825	59.3
5749.8072	30.848	19239932	1826	100
5749.8143	30.165	259183	1827	34.9
5749.8158	34.409	887318	1828	80
5750.8105	34.38	88161	1829	52.6
5750.8139	30.283	84654	1830	31.1
5765.7715	28.883	282839	1831	33.2
5765.8019	30.537	3177090	1832	98.5
5766.8009	30.542	164614	1833	64.3
5768.8252	35.25	79853	1834	37.5
5768.8465	35.691	147587	1835	51.2
5771.8013	30.814	504578	1836	76.5
5772.7935	30.844	347317	1837	65.7
5774.7721	29.639	372557	1838	60
5779.0614	41.308	134518	1839	43.2
5783.7908	30.629	86331	1840	33.9
5787.7848	30.801	381167	1841	54.1
5788.7763	30.591	1176499	1842	78.4
5789.7211	31.41	1021082	1843	80
5789.7799	31.145	963961	1844	73.5
5789.8087	30.607	162575	1845	51.9
5791.8059	30.557	127060	1846	58.1
5793.8703	36.553	85403	1847	36.4
5795.8821	40.018	479574	1848	60
5804.8337	33.951	228513	1849	51
5809.4076	43.996	154482	1850	33.8
5811.8046	31.866	231707	1851	37
5812.7305	31.429	191048	1852	60
5817.8606	35.826	117382	1853	60.4
5821.4685	46.155	266674	1854	57.1
5821.9584	46.139	269698	1855	41.6
5822.8713	36.149	300551	1856	60
5828.7217	31.463	806470	1857	80
5829.7769	30.669	1257986	1858	82
5830.7958	30.721	824822	1859	80
5836.7599	28.219	41661	1860	34.7
5838.3448	41.6	112412	1861	35
5838.8875	35.086	587633	1862	73.8
5840.8828	36.818	3012889	1863	100
5841.8799	36.81	222017	1864	78.4
5844.7838	30.831	1794837	1865	80
5844.7849	31.448	2099673	1866	90
5844.7885	29.977	4100642	1867	100
5844.8183	31.322	117348	1868	41.6
5845.7839	29.987	1272462	1869	99.5
5848.8079	35.894	664328	1870	80
5856.8758	35.691	2703092	1871	88.6
5857.8757	35.686	185985	1872	60
5859.7774	30.169	909086	1873	80
5860.7677	30.161	99278	1874	59.9
5864.7994	36.067	204356	1875	60
5874.7784	30.31	1368105	1876	79.9
5874.9889	43.512	1527490	1877	95.8
5875.781	30.304	95363	1878	36.7
5876.9883	43.54	205377	1879	47.9
5883.7113	31.415	185259	1880	37.6
5890.9824	42.808	593318	1881	75
5905.7533	30.697	1303301	1882	80
5906.7083	31.459	184985	1883	35
5906.7415	29.21	86833	1884	56.1
5906.744	30.701	534806	1885	77.9
5907.7396	30.702	73771	1886	60
5908.7366	30.699	31962	1887	43
5912.7627	31.456	140887	1888	54.7
5918.8165	30.34	275295	1889	60.1
5922.7243	31.444	975702	1890	80
5923.7679	31.445	102517280	1891	98.3
5923.7735	30.318	1302091	1892	62.7
5924.7488	32.119	2092596	1893	72.2
5924.7516	30.887	4600157	1894	87
5924.7584	31.439	96826544	1895	90.2
5925.7395	31.435	82772	1896	80
5925.7464	32.105	115342	1897	57.6
5925.7546	30.884	3142161	1898	87
5926.2389	31.444	33462	1899	60
5936.8259	36.994	140779	1900	37.6
5939.9583	38.87	980075	1901	80
5941.7304	31.633	165936	1902	69.2
5941.7515	31.258	126220	1903	40.5
5942.749	31.444	1981736	1904	90.6
5942.7875	32.641	150450	1905	45.2
5944.7442	30.854	347712	1906	53.1
5944.757	31.435	1472273	1907	80
5945.7523	31.403	442107	1908	73.6
5946.7401	31.447	9308980	1909	100
5948.8125	29.038	314019	1910	60
5960.808	31.443	5925932	1911	80
5961.7186	31.406	329180	1912	79
5962.6969	31.454	226882	1913	55.8
5969.7095	31.46	143476	1914	65
5980.7206	31.438	269534	1915	65.5
5994.9216	38.291	305814	1916	42.5
5998.7826	29.222	96574	1917	31.8
5998.7874	29.762	1137116	1918	71.7
5998.7877	30.339	43762452	1919	100
5998.9562	43.806	283982	1920	57.6
5999.8703	30.787	172136	1921	49.1
6000.791	31.009	233147	1922	70.5
6001.9076	39.304	96504	1923	62.1
6002.4487	41.726	184773	1924	32.2
6014.8479	30.265	928816	1925	50.2
6014.8844	29.391	204591	1926	34.2
6015.8683	29.295	261585	1927	52.4
6015.8716	28.903	189743	1928	68.2
6019.9313	39.812	5844858	1929	100
6020.7869	30.339	2662834	1930	92.1
6020.9321	39.799	284419	1931	76.1
6035.9283	39.537	822241	1932	68
6036.7372	30.341	1688321	1933	78.7
6037.9177	38.506	148950	1934	56.1
6051.8322	34.29	512121	1935	80
6052.8387	34.292	120568	1936	60
6056.8379	31.4	171485	1937	30.4
6061.6442	31.446	310021	1938	68.4
6069.0077	43.127	382780	1939	48.7
6071.7875	29.199	403707	1940	77.1
6073.9143	39.172	4114650	1941	80
6074.7559	30.692	132030	1942	51.6
6074.9002	39.17	458282	1943	69.6
6075.8987	39.169	78574	1944	60
6086.9945	43.461	2278504	1945	80
6094.8497	30.643	1748277	1946	73.3
6094.8521	31.261	1098590	1947	80
6094.8563	31.741	2021948	1948	80
6094.8625	30.037	134546	1949	60
6095.8479	30.646	95269	1950	60
6095.8568	31.738	149292	1951	60
6097.8719	36.996	140884	1952	60
6109.9125	37.274	792681	1953	80
6110.8406	31.361	586354	1954	35
6113.8805	36.935	204392	1955	80
6114.8891	36.964	1520231	1956	80
6126.889	31.301	164360	1957	56.7
6128.9087	36.427	989358	1958	80
6129.8918	36.431	40107	1959	44.7
6130.9022	36.43	47953	1960	36
6134.7472	30.272	66206	1961	33.2
6146.9087	37.116	5697612	1962	100
6147.9063	36.516	263800	1963	33.9
6147.9121	37.114	167908	1964	76.6
6148.9516	38.413	457079	1965	77.8
6149.9459	38.4	169026	1966	60
6164.7776	30.934	193722	1967	62.3
6165.8718	34.748	80688	1968	30.2
6168.8527	37.133	98878	1969	35.5
6174.8341	31.571	171750	1970	72.4
6175.9329	36.144	150606	1971	43.2
6176.8377	36.151	63564	1972	37.1
6180.7968	29.159	148437	1973	65.9
6183.9003	35.886	84324	1974	60
6192.8855	36.275	251489	1975	46.2
6192.9873	36.769	843021	1976	80
6193.8546	36.777	5031933	1977	100
6194.9631	36.773	116477	1978	76.3
6209.8411	36.935	2325659	1979	80
6220.0466	43.379	529883	1980	76
6226.8734	37.138	163433	1981	60
6231.7801	36.837	195783	1982	50.7
6242.8205	33.138	1009503	1983	80
6242.8438	37.293	453038	1984	71.3
6245.023	39.056	1041461	1985	80
6246.0111	39.044	178415	1986	44.9
6252.8276	31.569	130150	1987	34.6
6253.8605	32.009	275579	1988	47.4
6269.802	32.206	5805146	1989	100
6269.8037	31.701	113225	1990	50.6
6270.7958	32.211	286619	1991	78.7
6283.7938	33.163	410426	1992	46.3
6284.5681	44.172	203139	1993	42.6
6291.7775	32.193	115493	1994	64
6296.8998	36.426	180734	1995	56.9
6307.756	32.2	121311	1996	67.5
6319.9455	29.483	156263	1997	60
6320.9129	29.47	116035	1998	40.7
6324.9775	40.113	5394684	1999	100
6325.972	40.117	375924	2000	73.8
6340.972	39.832	734503	2001	80
6342.9274	38.933	386901	2002	65.2
6343.8256	31.805	681734	2003	80
6343.8428	31.162	996686	2004	80
6344.0037	44.099	1105247	2005	80
6344.8237	31.769	186835	2006	65.4
6359.7941	33.121	499254	2007	70.6
6364.9611	40.289	180669	2008	44.6
6372.9678	39.658	80101	2009	32.8
6399.8922	31.255	1950147	2010	80
6399.8977	32.332	154173	2011	56.5
6400.8865	32.331	59965	2012	58.7
6400.8914	30.542	1256893	2013	80
6403.9869	40.306	229870	2014	60
6404.0022	39.978	64370	2015	34.7
6416.0477	44.268	1366254	2016	80
6417.054	44.278	110233	2017	60
6417.8755	30.654	150680	2018	62.2
6418.9721	39.835	5746138	2019	80
6419.9515	39.834	393968	2020	78
6420.9492	39.842	167415	2021	70.8
6424.9103	32.835	172799	2022	55.7
6432.0374	43.343	556228	2023	75
6432.9251	31.259	274048	2024	60
6433.853	31.252	124911	2025	42.5
6435.9628	38.952	119593	2026	32.6
6438.9707	39.066	278925	2027	56.2
6442.9405	37.495	180042	2028	44.3
6442.944	36.928	175872	2029	51.7
6443.9654	36.957	90300	2030	35
6447.9576	37.076	129743	2031	43.2
6448.9456	37.069	217683	2032	71.3
6462.8812	33.285	198122	2033	60
6465.9682	37.636	3360640	2034	99.7
6466.9684	37.639	143623	2035	52.9
6473.9504	36.514	250293	2036	60
6474.9522	36.507	140387	2037	60
6482.9294	40.329	292773	2038	33
6491.9673	37.179	2695308	2039	93
6492.2154	39.119	426212	2040	60.5
6492.9584	37.161	57448	2041	60
6493.0305	39.11	561990	2042	76.7
6494.0069	39.119	145156	2043	35
6509.864	31.762	1166876	2044	80
6550.9052	33.504	153792	2045	53
6556.7768	30.789	159302	2046	54.8
6561.9273	37.801	165060	2047	40.6
6583.8925	30.587	122184	2048	52.5
6584.8939	30.583	118224	2049	60
6614.85	32.893	925482	2050	80
6670.0102	40.541	826379	2051	79.6
6676.1961	36.027	175810	2052	39.8
6689.0522	44.7	8916015	2053	97.3
6690.0462	44.695	611886	2054	80
6704.0405	43.884	115838	2055	53.6
6705.8408	33.819	139809	2056	34.6
6705.9253	31.166	457287	2057	78.4
6707.0712	43.542	680107	2058	55.3
6712.0249	44.689	68242	2059	60
6720.9356	33.017	960775	2060	80
6721.8845	30.813	764391	2061	80
6722.0827	44.327	1049995	2062	80
6726.0909	43.91	166582	2063	50.4
6753.9905	37.461	311058	2064	46.3
6765.9562	35.779	183175	2065	53.6
6769.1819	38.031	1693974	2066	80
6771.9965	38.024	550789	2067	80
6772.9962	38.021	293228	2068	68.5
6777.9053	32.183	87344	2069	37.3
6782.9061	34.16	57941	2070	52.8
6787.9274	38.687	261932	2071	42.2
6787.9981	37.403	914831	2072	80
6797.0122	29.679	135198	2073	60.8
6803.9744	37.58	278322	2074	67
6804.9702	37.58	152792	2075	67.5
6811.0124	37.681	1758389	2076	80
6811.9575	36.787	421804	2077	55.8
6840.0295	39.693	529269	2078	81.7
6867.1921	37.975	2109702	2079	80
6867.9384	37.996	1147908	2080	80
6868.9382	37.5	283534	2081	55.5
6868.9453	37.964	122641	2082	52.5
6872.0729	43.89	113191	2083	44.6
6883.9333	38.121	1332729	2084	80
6884.9155	38.122	160713	2085	46.7
6885.873	32.626	146031	2086	60
6941.1545	37.278	529726	2087	76.8
7025.9687	33.561	723872	2088	80
7041.1313	44.591	1297495	2089	78.7
7050.9339	32.627	590137	2090	78.5
7051.9313	32.622	148624	2091	70
7065.9692	33.548	1372796	2092	80
7067.1174	44.172	483246	2093	66.3
7083.9493	32.665	268149	2094	38.6
7088.9678	34.414	421251	2095	50.5
7089.9483	34.408	95308	2096	38.4
7096.0008	36.042	187212	2097	55
7099.0276	38.064	312753	2098	58.4
7111.0104	35.593	110437	2099	41.8
7113.3557	38.076	728259	2100	79.9
7117.0431	38.055	1502542	2101	80
7117.0454	38.483	2545902	2102	80
7118.0416	38.482	353950	2103	64
7166.9473	34.228	190222	2104	68.4
7184.1091	40.045	237760	2105	34.3
7212.8843	38.59	270964	2106	41.4
7214.0164	38.57	88455	2107	31.1
7282.144	45.194	590499	2108	77.6
7283.1931	45.189	1399320	2109	80
7284.1875	45.19	209261	2110	60.7
7292.0429	32.563	118538	2111	43.3
7299.3014	44.003	168301	2112	35
7306.2997	44.184	484132	2113	45.4
7307.0511	44.205	323017	2114	56.2
7347.1602	44.775	1560416	2115	80
7363.1596	45.327	5547495	2116	91.8
7363.2383	44.876	362693	2117	30.5
7364.1557	45.321	626406	2118	75.7
7371.0238	34.082	1199509	2119	77.9
7371.0426	33.363	565516	2120	67
7372.0166	34.068	224544	2121	30.5
7373.0168	33.376	339199	2122	52
7381.1516	44.171	470391	2123	55.2
7385.1216	45.327	206962	2124	60
7386.1819	44.46	354420	2125	60
7437.1769	44.885	333964	2126	60
7441.0588	36.609	108802	2127	60
7461.0438	39.114	1527908	2128	80
7462.0874	38.512	1528213	2129	80
7462.0879	39.108	1273160	2130	80
7463.1131	39.093	237282	2131	43.2
7465.0847	38.496	269416	2132	87.4
7465.5741	44.298	1208688	2133	80
7559.0364	39.224	331661	2134	52.4
7614.1223	44.153	136342	2135	39.5
7619.0046	35.43	208870	2136	60
7638.0747	32.855	112637	2137	42.2
7677.1127	33.876	638954	2138	68
7692.2118	45.013	1319384	2139	80
7693.2105	44.63	493792	2140	76.6
7717.0489	34.126	1489942	2141	79
7718.0467	34.151	133245	2142	60
7739.0557	35.391	650792	2143	77.4
7740.0362	35.396	196348	2144	58
7763.0584	36.498	250988	2145	39.5
7773.1385	39.512	213744	2146	45.4
7791.1352	39.787	2205259	2147	80
7806.1977	39.09	1394779	2148	80
7808.1389	39.115	268780	2149	76.5
7901.7782	40.083	90914	2150	42.3
7924.6983	38.036	508254	2151	60
7943.1171	33.245	243282	2152	67.9
7944.1058	33.237	148298	2153	51.1
7986.2127	43.405	104926	2154	40.7
8017.8565	34.538	1570783	2155	80
8023.0812	34.56	1166560	2156	80
8037.2403	44.883	476764	2157	53.7
8037.2549	45.41	1009813	2158	80
8041.165	37.431	231388	2159	43.2
8044.1113	37.412	149834	2160	60
8083.1074	37.095	53367	2161	30.8
8092.1231	37.364	304688	2162	60
8118.2172	39.782	372958	2163	77.4
8136.1946	39.731	1079069	2164	78.8
8136.2085	40.014	2260025	2165	80
8137.2001	39.741	167586	2166	45.8
8137.2012	40.012	152703	2167	60
8139.1953	40.014	167122	2168	40.3
8185.1407	38.676	539531	2169	60
8251.2383	44.201	83492	2170	43.9
8269.0987	36.781	230373	2171	60
8328.1544	34.903	762058	2172	77.7
8342.1266	37.956	664406	2173	74.4
8343.1303	37.945	417792	2174	36.9
8364.1502	37.005	133633	2175	41.9
8365.141	37.015	116103	2176	54.3
8366.3413	45.858	271843	2177	45.7
8367.302	45.832	272254	2178	70.3
8382.2778	45.275	200964	2179	60
8383.2973	45.257	285197	2180	35
8389.1433	37.21	76525	2181	43.3
8413.1749	37.911	55572	2182	39.8
8464.255	39.74	143761	2183	44.9
8481.2496	39.978	873083	2185	80
8482.2427	39.986	522187	2186	60
8495.2679	40.078	1869492	2187	80
8518.2283	39.096	247923	2188	39.2
8529.1292	38.117	130241	2189	44.5
8648.1714	37.129	533975	2190	57.4
8693.1871	38.113	174673	2191	41.4
8711.3823	45.865	1226283	2192	69.5
8715.3707	45.684	100084	2193	38.3
8717.0207	38.025	309090	2194	35
8726.7093	44.247	332948	2195	41.5
8774.2324	38.181	1058671	2196	80
8774.5003	38.17	817697	2197	80
8783.2549	40.011	194050	2198	41.7
8801.2967	40.335	1712323	2199	80
8802.3096	40.331	447361	2200	76.1
8812.2445	38.182	229519	2201	58.5
8840.3204	40.024	523471	2202	60
8841.3044	40.028	471698	2203	60
8953.2333	36.268	361739	2204	60.8
8953.243	37.475	510725	2205	58.1
9024.2198	38.115	94261	2206	35
9038.133	37.926	394860	2207	60.8
9039.2296	37.902	113659	2208	49
9054.4675	45.725	328435	2209	51.3
9055.7823	44.236	510342	2210	40.6
9070.4677	45.822	520562	2211	44.4
9074.4327	45.792	127677	2212	49.7
9088.3372	40.177	132110	2213	58.9
9106.3461	40.546	2580450	2214	80
9107.3252	40.537	137946	2215	71.2
9126.9702	45.853	518193	2216	63.1
9146.3535	40.288	701424	2217	80
9147.3524	40.28	214654	2218	60
9148.3253	40.265	233890	2219	45.6
9175.0357	43.955	71675	2220	30.3
9253.2751	39.283	151934	2221	58.2
9261.2427	36.678	161485	2222	49.3
9313.2745	36.213	440644	2223	60.1
9367.7864	38.311	446943	2224	74.8
9368.2887	38.644	433266	2225	69.9
9370.2705	38.642	307200	2226	67.8
9376.4389	45.871	416614	2227	60
9377.4584	45.872	788777	2228	69.7
9403.3563	40.632	347027	2229	37.8
9407.408	40.584	196820	2230	47.7
9409.3579	39.188	368929	2231	48.1
9419.5898	38.232	370741	2232	60
9420.3145	38.235	91790	2233	38.3
9425.4028	40.809	2048993	2234	80
9426.389	40.811	600271	2235	79.8
9446.3543	40.534	947953	2236	73.1
9452.3733	40.51	597957	2237	61.8
9498.338	38.771	4174194	2238	80
9499.3293	38.779	516070	2239	76.9
9520.4219	38.77	398929	2240	60
9567.354	40.951	650110	2241	63
9618.3332	36.545	514140	2242	69.3
9634.3625	38.403	136740	2243	44.1
9658.3042	36.469	467192	2244	38.7
9681.5649	45.921	587268	2245	59.9
9682.5187	45.924	223447	2246	35.2
9684.4637	45.903	296554	2247	35.4
9713.3556	39.556	804984	2248	73.6
9714.3844	39.541	1068269	2249	67.1
9731.3883	40.943	2167256	2250	80
9732.4139	40.937	470054	2251	74.3
9752.3135	39.544	231352	2252	44.2
9753.5344	40.947	125770	2253	39.2
9770.4132	40.761	811150	2254	80
9771.4136	40.766	556573	2255	64.4
9803.2401	40.012	176042	2256	48.4
9808.9306	41.317	317112	2257	49.9
9828.3469	40.951	184119	2258	33.9
9911.4551	40.921	211877	2259	38.7
9924.3795	39.956	174983	2260	35
9926.3679	39.973	267249	2261	55.4
10000.5521	46.069	504658	2262	45.5
10008.4304	41.157	183242	2263	35
10014.2476	41.289	161371	2264	60
10055.4299	41.073	436993	2265	38.8
10076.4341	41.216	2220404	2266	80
10077.4712	40.896	1484521	2267	78.2
10077.4959	41.193	191557	2268	52
10078.4725	41.206	129043	2269	53.3
10132.0786	39.229	430868	2270	40.2
10142.6336	46.042	249179	2271	44.4
10157.3955	41.1	174171	2272	41.8
10173.3958	41.212	524045	2273	69.8
10174.4279	41.21	240967	2274	46.6
10178.2499	38.762	171098	2275	40.8
10217.5274	41.361	373035	2276	60
10218.515	41.382	323606	2277	69.9
10292.4311	37.664	471339	2278	40.8
10306.6258	46.099	925998	2279	52.6
10309.8133	41.868	701786	2280	63.6
10332.4029	37.228	400159	2281	46.6
10382.4634	41.374	1763382	2282	80
10383.4976	41.367	484676	2283	80
10384.4945	41.365	71983	2284	58.6
10421.4776	41.192	787543	2285	77.3
10422.514	39.567	551052	2286	77.1
10441.4031	37.996	93919	2287	35
10477.7778	41.822	306220	2288	44.4
10502.4752	39.995	1663834	2289	80
10562.5153	41.578	269790	2290	49.6
10575.7165	39.469	373283	2291	60
10638.5719	37.544	260027	2292	65.6
10649.6418	46.179	1509461	2293	80
10650.7668	41.757	645768	2294	38.8
10651.5989	46.183	672326	2295	43.3
10652.583	46.187	1459997	2296	80
10671.6562	45.595	156731	2297	35
10677.4081	37.446	652947	2298	50
10715.9714	46.094	570607	2299	43
10726.478	41.582	1366635	2300	75.6
10728.5607	41.561	410457	2301	61.1
10729.5468	41.617	565045	2302	64.9
10794.4231	46.236	190353	2303	46.8
10808.5095	41.462	266531	2304	69.1
10808.6342	41.578	385094	2305	69.1
10809.5059	41.479	86239	2306	75.3
10810.509	41.443	146048	2307	33.3
10812.6328	41.65	67695	2308	36.6
10822.3928	41.574	820144	2309	78.9
10824.502	41.581	763063	2310	69.2
10877.485	41.283	417128	2311	41.5
10881.4801	41.302	264717	2312	35
10883.3094	41.83	663081	2313	30.7
10903.7987	41.634	762900	2314	45.6
10955.0303	41.215	490224	2315	58.8
10957.6318	46.2	320227	2316	48.5
10978.4684	41.854	248765	2317	37.2
10982.5304	37.708	499119	2318	59.1
11032.1086	46.339	374169	2319	49
11046.6317	41.871	1208967	2320	77.3
11047.6164	41.877	731352	2321	76.5
11049.5961	41.866	162344	2322	60
11067.7958	41.627	592644	2323	48.7
11070.7005	41.567	1183249	2324	72.5
11071.5672	41.625	647812	2325	60.4
11095.6716	46.124	493221	2326	42.2
11137.6247	46.318	332138	2327	65.5
11138.6171	46.312	696437	2328	60
11147.4991	41.841	169765	2329	45.5
11154.6051	41.628	271171	2330	44.9
11163.9107	41.765	353670	2331	33.5
11165.4836	41.821	539751	2332	38.3
11167.5427	41.728	469311	2333	38.2
11186.2112	41.876	320519	2334	57.4
11188.5333	41.876	1819936	2335	75.5
11189.0157	46.188	86549	2336	56.8
11214.5547	41.853	467486	2337	58.3
11226.7653	41.828	472739	2338	60.1
11289.4688	42.189	285982	2339	35
11298.9239	46.294	970436	2340	73.1
11301.7843	46.314	1915156	2341	80
11302.6636	46.313	962623	2342	80
11303.1231	46.304	1709223	2343	80
11303.5815	38.744	693392	2344	37.2
11303.7851	46.31	194669	2345	60
11319.9464	46.235	607428	2346	54.8
11323.7272	41.827	1295236	2347	80
11331.6108	41.769	682370	2348	51.2
11351.9246	41.873	2536405	2349	80
11352.7661	41.873	2646309	2350	80
11353.6088	41.876	984021	2351	80
11354.6082	41.884	1487488	2352	80
11355.6119	41.879	173132	2353	60
11370.5409	41.856	563628	2354	42.8
11391.6882	41.813	336859	2355	59.8
11392.6858	41.809	1127922	2356	78.8
11393.5314	41.82	338708	2357	60
11396.6717	37.534	232725	2358	52.8
11431.5999	41.758	459481	2359	60
11434.5779	41.763	232594	2360	60
11450.5577	41.847	2000123	2361	80
11458.6499	46.473	345159	2362	55.8
11472.4035	41.679	568553	2363	43.7
11491.5191	42.053	197033	2364	34.1
11492.6641	42.044	396916	2365	52.9
11495.3942	41.657	2596186	2366	80
11564.8127	42.456	315845	2367	41.8
11568.6004	42.485	257929	2368	68.9
11573.4301	42.136	4027026	2369	80
11578.5773	41.576	207343	2370	49.3
11607.6994	38.963	242805	2371	38.1
11608.6274	38.908	143369	2372	36.3
11618.8595	46.483	436608	2373	51.7
11622.6493	46.492	325162	2374	35
11624.7136	46.469	361778	2375	50.4
11647.7516	46.19	184625	2376	38.9
11648.7667	46.197	445182	2377	49.4
11654.7478	42.054	1132314	2378	76.7
11658.068	42.051	927272	2379	80
11658.6817	42.048	558916	2380	71.7
11660.6708	42.043	262819	2381	58.1
11661.6517	42.03	46281	2382	40.8
11676.6123	41.64	573736	2383	38.3
11677.2092	38.727	144555	2384	35
11685.7437	41.842	343658	2385	41.7
11692.9285	41.794	2130138	2386	80
11696.8148	41.823	2778484	2387	80
11698.4906	41.82	1144699	2388	65.4
11699.6294	41.812	241548	2389	60
11700.6432	41.819	505826	2390	70.9
11727.3922	44.285	403949	2391	52.5
11733.5303	41.784	407792	2392	69.6
11736.7063	41.859	350645	2393	38.9
11741.3892	46.218	397396	2394	37.7
11762.6715	46.485	452099	2395	47.1
11764.6949	46.41	312184	2396	69.3
11765.7175	46.41	589026	2397	73.1
11771.767	46.321	249206	2398	33.5
11778.7609	46.098	1127832	2399	71.4
11779.6154	41.88	406413	2400	65.4
11795.6066	41.993	205510	2401	60
11800.8774	46.246	565218	2402	50.9
11838.5802	42.184	921814	2403	60
11838.8428	42.189	1079341	2404	80
11839.6197	42.183	545973	2405	65.8
11840.6104	42.194	63761	2406	35
11860.6466	42.19	497813	2407	69
11865.6258	42.185	133483	2408	44.2
11898.7676	42.883	307752	2409	59
11909.5853	46.287	1167472	2410	80
11913.636	41.837	403481	2411	60
11914.6267	38.222	98933	2412	35.4
11920.5876	42.096	203320	2413	56.5
11924.7382	41.822	749777	2414	60
11928.6903	46.401	2182861	2415	80
11929.7686	46.406	3207222	2416	80
11930.7649	46.41	1762792	2417	80
11931.7394	46.403	188924	2418	44.8
11935.6017	42.151	338319	2419	59.6
11935.837	46.321	407140	2420	65.7
11937.7246	39.188	233471	2421	59
11938.7768	46.289	376411	2422	38
11946.5097	45.907	201794	2423	35.2
11967.6024	46.266	371192	2424	43.4
11993.7811	43.429	172526	2425	39.4
12002.7015	42.192	3623790	2426	80
12003.7012	42.191	5551558	2427	80
12004.7114	42.199	836750	2428	77.5
12005.6999	42.202	387047	2429	60
12020.8174	42.183	1080514	2430	51
12022.764	42.173	455721	2431	36.8
12042.7233	42.175	242262	2432	50.1
12075.6111	41.823	781361	2433	80
12078.6876	41.831	618531	2434	60
12085.6957	42.069	1544912	2435	80
12095.581	41.756	527849	2436	59.4
12098.5814	42.16	725459	2437	64.8
12099.5666	42.165	758428	2438	80
12100.4263	41.807	498358	2439	54.8
12100.6353	42.162	1193559	2440	80
12101.633	42.176	185455	2441	60
12108.7668	42.846	475378	2442	53.2
12150.5847	46.153	303761	2443	34.9
12152.5965	38.523	115400	2444	42.7
12175.7296	41.808	101368	2445	36.9
12181.9639	42.136	1766166	2446	80
12183.7428	42.14	2505327	2447	80
12200.7501	42.131	173156	2448	35
12205.6194	41.831	981480	2449	80
12215.7343	42.139	136180	2450	38.6
12233.7642	46.449	463444	2451	66.2
12235.3085	46.158	448322	2452	60
12235.8011	46.464	429990	2453	60
12243.6779	39.397	191641	2454	35.4
12256.6418	41.77	727330	2455	75.6
12261.7497	41.775	252166	2456	60
12274.8662	46.284	990157	2457	57.4
12283.4834	41.649	518959	2458	35
12298.7875	41.806	1034231	2459	80
12333.7959	46.271	568236	2460	49.9
12347.7046	42.136	3785220	2461	80
12348.7492	42.136	4105818	2462	80
12349.7491	42.132	273023	2463	64.8
12350.7264	42.134	133107	2464	73.2
12351.7569	42.134	66831	2465	56.1
12360.6328	41.834	540776	2466	67.7
12365.7323	42.116	1972879	2467	71.8
12367.7181	42.117	308861	2468	38.1
12368.7458	42.081	346765	2469	60
12385.8004	42.12	345251	2470	55.2
12389.7127	42.131	303796	2471	60
12397.7848	46.477	424813	2472	44.9
12413.8238	46.538	1120718	2473	80
12414.7506	46.529	600754	2474	80
12415.769	46.538	291260	2475	67
12422.1393	41.772	1842003	2476	80
12423.8582	41.773	1116797	2477	66
12424.7981	46.174	1258546	2478	76.9
12425.7908	41.772	116087	2479	35
12429.7595	42.176	584888	2480	68.5
12445.7067	42.304	784963	2481	77.7
12485.5349	42.405	354745	2482	58.9
12488.723	46.288	484082	2483	45.3
12489.0107	46.297	872210	2484	46.9
12490.0572	46.285	741293	2485	33.4
12490.8184	46.29	650353	2486	63.2
12503.8845	46.339	283540	2487	60
12504.6921	41.837	104848	2488	37.1
12538.5924	42.013	159878	2489	46.4
12576.7278	46.545	2585828	2490	80
12577.7397	46.544	1728123	2491	80
12578.8603	46.548	2766678	2492	80
12579.8958	46.537	3118884	2493	80
12580.844	46.54	295047	2494	60
12597.8251	46.518	462849	2495	73.4
12599.1469	46.506	379393	2496	44.8
12618.7745	46.533	139966	2497	41.6
12652.8429	46.281	1248122	2498	80
12653.827	46.268	1056393	2499	60.1
12654.8461	42.191	157871	2500	63