5924.7535	25.268	104745696	3554	0.246	100
376.1479	29.756	78665752	3968	0.515	100
4963.6167	23.11	19445698	3260	0.251	100
5946.731	25.27	18191964	3555	0.267	100
5998.7854	24.132	13667054	3405	0.236	100
2379.2611	7.664	13653044	1754	0.187	100
2685.2874	9.948	13651928	1990	0.196	100
4289.5141	20.432	13067020	2968	0.268	100
6146.9082	30.061	12938074	4005	0.185	100
3257.4608	15.842	11940480	2495	0.25	100
2073.2377	4.8	11078570	1525	0.202	100
4282.6476	23.391	11059167	3289	0.183	100
3984.4711	19.33	10498687	2846	0.179	100
3563.4859	15.495	10204525	2477	0.256	100
3869.5119	17.022	9685695	2629	0.247	100
4618.5661	22.24	9336602	3151	0.246	97.7
622.1266	0.809	9279409	591	0.085	96.7
5299.8175	28.115	9137581	3789	0.171	100
5511.8281	28.449	9044373	3840	0.177	100
4970.7632	26.996	8957192	3682	0.178	100
5749.802	24.82	8587342	3484	0.229	100
3014.3399	13.244	8446589	2279	0.232	100
5579.6992	24.454	7740033	3450	0.205	100
2928.4079	11.157	7256662	2086	0.256	100
5840.8796	29.718	7213450	3952	0.183	100
5445.763	24.093	6947917	3394	0.264	100
3328.5102	17.647	6892234	2691	0.232	100
6771.9918	31.161	6802824	4066	0.188	100
1767.2105	2.512	6646248	1225	0.228	100
4504.5924	21.446	6601622	3060	0.237	93.8
6465.9647	30.688	6445803	4043	0.22	100
3678.4462	17.883	6427287	2704	0.174	100
2654.4101	12.749	6309574	2221	0.361	96.3
5271.6368	23.792	6241383	3359	0.215	80
12003.6973	35.531	6123452	4508	0.266	80
2264.3032	3.171	6113936	1325	0.348	100
4849.6425	21.778	5849802	3098	0.228	100
6491.9586	30.192	5553816	4012	0.182	100
774.2795	29.762	5475762	3972	0.388	100
2983.4617	16.073	5462129	2522	0.306	100
3373.3974	16.657	5400820	2596	0.191	100
362.1324	9.558	5310894	1964	0.281	100
5444.7623	24.061	5264898	3387	0.223	100
3026.6061	29.745	5263366	3961	0.23	100
3990.7364	34.122	4968527	4281	0.235	100
2415.5392	28.436	4919858	3837	0.246	100
1765.4505	29.311	4875476	3910	0.254	100
566.1307	29.765	4795114	3974	0.599	100
4664.8388	34.606	4756748	4346	0.201	100
5499.7318	23.048	4618304	3249	0.246	100
2569.3446	6.113	4521170	1612	0.296	100
5644.864	28.323	4503560	3824	0.178	100
4175.5382	18.576	4437015	2787	0.23	100
4627.6939	23.866	4424554	3367	0.166	100
2720.5806	28.781	4403013	3864	0.233	100
644.1066	0.807	4368024	587	0.156	100
11353.6241	35.183	4303300	4434	0.22	80
4985.5939	23.111	4236132	3261	0.234	99
3661.6854	32.93	4226311	4179	0.207	100
3657.5632	19.875	4203490	2919	0.213	100
5315.8122	27.254	4051158	3698	0.172	100
403.988	5.7	3956183	1583	0.248	48.4
5856.8744	28.641	3919466	3855	0.168	100
3678.4439	18.15	3858582	2746	0.188	100
5968.7129	25.279	3790791	3561	0.313	99
606.1596	0.837	3748805	608	0.104	100
1653.2376	1.054	3719815	994	0.089	100
9731.41	34.135	3700286	4292	0.196	80
3332.6311	30.654	3654432	4036	0.219	100
660.0738	0.773	3528716	546	0.095	100
2999.4574	14.157	3482333	2369	0.387	80
7117.0401	31.251	3468612	4072	0.2	93.8
3673.5574	18.536	3451573	2778	0.21	100
8136.1981	33.016	3437631	4187	0.177	92
5194.6888	22.407	3348561	3164	0.239	96.2
9425.3892	33.961	3341188	4272	0.206	80
3549.5082	16.863	3315634	2612	0.204	100
7117.0455	31.636	3229233	4102	0.191	96.7
967.0076	0.737	3215471	493	0.185	100
4160.5756	19.635	3204308	2894	0.256	100
1911.2775	3.074	3191970	1309	0.438	80
8801.2888	33.439	3178250	4220	0.182	80
6811.0004	30.776	3177005	4051	0.224	100
9106.3319	33.677	3146668	4235	0.205	80
2349.3682	10.309	3120462	2016	0.186	100
2915.3648	10.586	3108932	2050	0.236	100
3551.49	16.4	3086316	2561	0.301	92.9
6269.8003	25.98	3057757	3604	0.229	99
3855.5333	18.434	2930891	2769	0.181	100
352.0181	0.741	2860552	497	0.054	58.3
4335.7879	33.348	2855812	4203	0.196	100
10382.4798	34.582	2849708	4336	0.209	80
6787.9879	30.696	2846922	4046	0.189	85.6
7462.0865	32.049	2834683	4120	0.19	100
6185.9335	29.857	2827452	3985	0.196	100
956.9788	0.725	2808873	487	0.263	100
10076.4607	34.378	2776140	4318	0.191	80
398.1297	29.759	2754115	3970	0.515	97.3
10727.548	34.793	2740634	4363	0.208	80
3935.546	16.646	2700087	2590	0.219	100
2914.4293	12.186	2637544	2181	0.266	100
6113.8839	29.379	2620092	3922	0.192	95.3
3373.4012	16.178	2615270	2539	0.173	100
1131.3573	28.724	2536602	3859	0.302	100
4311.4966	20.432	2470064	2969	0.242	100
2290.2828	3.961	2464626	1429	0.357	94.7
628.1411	0.874	2397379	638	0.123	100
5193.7041	22.404	2362542	3160	0.224	80
2401.243	7.663	2339486	1753	0.18	100
7460.2403	32.061	2304767	4126	0.193	80
4969.8783	34.25	2303352	4307	0.19	100
1639.2106	1.034	2301078	957	0.123	100
5603.9769	35.502	2292626	4495	0.197	95.5
2349.3687	10.663	2282280	2056	0.275	100
5413.8476	27.483	2279889	3718	0.216	80
8495.2645	33.131	2251492	4191	0.185	80
7807.1332	32.101	2248564	4131	0.198	100
936.1976	0.821	2248256	599	0.095	100
7791.1394	32.735	2239278	4163	0.201	80
4490.6224	20.903	2226781	3012	0.233	97.7
5874.7783	23.641	2167527	3334	0.191	100
366.1037	29.763	2161099	3973	0.581	80
2095.2189	4.805	2152239	1529	0.209	100
7115.872	31.63	2151933	4097	0.193	80
5139.7161	23.421	2150906	3293	0.214	100
2707.2687	9.952	2103099	1993	0.207	100
3328.5092	17.123	2093050	2645	0.242	96.1
3220.4066	11.393	2082145	2109	0.225	100
7461.0194	31.698	2058977	4105	0.208	80
4185.5815	19.777	2046652	2913	0.255	100
2044.3269	8.858	2025885	1886	0.202	100
2265.2862	5.63	1976240	1576	0.383	83
1438.1583	1.01	1953624	895	0.079	86.7
4795.6657	21.339	1948738	3054	0.295	85.4
3885.4957	15.319	1940572	2464	0.276	95.7
1671.2489	1.112	1917190	1146	0.101	100
1623.2151	1.094	1913353	1127	0.12	100
4809.676	21.812	1910914	3107	0.241	80
352.0179	0.92	1906411	687	0.122	80
4002.6108	20.581	1901923	2984	0.209	100
4810.6652	21.807	1897897	3106	0.226	100
3856.529	17.789	1861064	2700	0.237	93.9
4798.7045	26.628	1859217	3646	0.171	100
2875.418	16.915	1853470	2620	0.287	100
5100.7052	22.191	1847174	3146	0.224	80
5771.7886	24.837	1841588	3493	0.221	100
1928.2566	3.94	1839049	1420	0.371	90.3
4505.6188	20.904	1832743	3013	0.178	83.9
5224.6863	21.762	1828527	3091	0.181	100
3243.4819	15.075	1825587	2446	0.253	91.5
4640.546	22.243	1814074	3154	0.216	98
2070.4898	27.904	1807879	3767	0.246	86.1
3983.4848	19.079	1801637	2817	0.151	100
4904.6446	19.764	1791176	2911	0.192	100
8136.1966	32.767	1790771	4168	0.183	80
2977.4123	8.603	1769485	1854	0.247	100
10076.4796	34.128	1752023	4286	0.219	80
8481.2345	33.037	1751219	4189	0.178	80
5460.7548	23.624	1748661	3324	0.229	80
958.1778	0.841	1732276	613	0.117	100
2642.3622	8.856	1721397	1883	0.217	100
2586.38	8.879	1719347	1896	0.22	100
4006.4507	19.329	1706773	2845	0.177	100
2218.2979	3.009	1706557	1292	0.364	97.8
3510.4951	20.542	1705988	2980	0.208	100
1882.2615	6.859	1703118	1689	0.247	99.8
3279.4435	15.841	1690227	2494	0.233	100
1944.2743	1.082	1659790	1095	0.098	100
11048.59	35.136	1651438	4399	0.204	80
2875.4026	24.846	1639288	3496	0.238	100
952.1651	0.8	1622877	583	0.078	90.6
682.0557	0.75	1621059	507	0.112	85.2
2908.3809	11.936	1619598	2169	0.244	100
3585.467	15.494	1612851	2476	0.258	100
5249.6958	20.605	1609784	2989	0.193	100
5990.6913	25.274	1608492	3560	0.345	100
358.0345	0.999	1600165	838	0.316	89.7
5321.799	28.119	1591580	3792	0.171	100
2694.4158	11.842	1590643	2155	0.194	100
2570.3205	6.958	1561527	1700	0.19	100
2240.3292	6.546	1539904	1650	0.314	96.2
5533.8091	28.451	1538582	3842	0.181	100
1436.3979	26.748	1504369	3661	0.268	99.7
4304.6272	23.391	1503055	3288	0.171	100
4599.6025	18.249	1502302	2753	0.221	81.3
11658.6776	35.364	1498752	4478	0.201	80
2602.3549	9.827	1495983	1983	0.239	100
2296.3313	10.08	1476811	2004	0.216	100
666.0891	0.902	1440229	670	0.129	100
2684.3019	9.548	1438615	1957	0.169	100
5765.8092	24.397	1435228	3438	0.209	80
1622.2312	4.434	1428136	1495	0.185	100
2378.2762	7.272	1426462	1722	0.16	100
914.2181	0.818	1423390	596	0.073	83.3
2934.4437	16.64	1420691	2585	0.198	100
3036.3197	13.246	1408139	2282	0.217	100
3182.4293	14.659	1400964	2399	0.274	80
2877.3855	12.748	1384417	2220	0.37	80
2016.2951	2.656	1377971	1243	0.337	94.6
588.112	29.772	1376148	3977	0.685	74.6
2836.3948	17.745	1368883	2697	0.241	100
9770.4112	33.961	1362331	4271	0.221	77.8
1967.2783	4.664	1358648	1512	0.289	100
1968.2618	3.056	1358122	1306	0.317	92.5
646.3441	8.873	1334558	1893	0.24	80
12022.698	35.528	1327228	4505	0.206	80
2044.3266	7.593	1326434	1747	0.212	100
2548.3342	8.987	1326196	1902	0.163	100
5768.8371	28.789	1318063	3872	0.166	84.2
5859.7659	23.755	1302264	3348	0.179	80
3622.5608	22.121	1287579	3133	0.173	100
2672.3731	8.399	1283016	1838	0.196	100
974.1443	0.792	1277299	573	0.115	100
5601.68	24.456	1276761	3452	0.19	100
11698.7915	35.155	1272216	4422	0.206	80
2264.2953	4.697	1257318	1516	0.284	75.7
4230.5449	16.828	1254040	2608	0.206	99.7
5466.7408	24.082	1251067	3391	0.279	100
2201.3186	12.97	1239308	2255	0.246	100
6399.8913	25.17	1234944	3538	0.206	80
7462.086	31.698	1229266	4107	0.198	72.6
3943.5476	15.009	1225046	2434	0.226	100
3888.5115	18.614	1213274	2793	0.27	74.9
5862.8557	29.719	1210525	3953	0.199	86.2
489.5695	1.055	1210088	996	0.103	100
3602.4962	14.62	1209048	2397	0.191	100
4582.6159	19.446	1207921	2879	0.204	97.2
688.0699	0.901	1202654	667	0.474	69.7
2663.4102	15.792	1201717	2489	0.213	100
5493.8153	27.682	1193135	3735	0.168	80
2524.3222	6.409	1181162	1638	0.284	98.5
5844.7807	25.272	1178403	3557	0.195	87.7
3235.4086	11.346	1169269	2101	0.206	100
1366.2059	1.023	1163701	933	0.093	100
3909.5061	16.552	1162040	2573	0.184	96.4
3543.4586	18.06	1157293	2735	0.18	99.7
4598.6185	19.375	1153706	2865	0.205	96.8
5555.7209	21.539	1146864	3071	0.182	98.5
3637.5247	13.215	1145896	2273	0.282	82.6
3700.4243	17.885	1142856	2706	0.171	100
1980.2582	1.058	1133995	1012	0.106	100
5924.7454	24.424	1128908	3441	0.154	49.4
5472.8034	28.753	1127505	3861	0.172	93.5
465.195	12.691	1123042	2206	0.354	100
1958.274	1.065	1122865	1032	0.099	100
1789.1923	2.513	1120691	1226	0.219	100
3181.4436	18.29	1105685	2757	0.211	100
4163.6182	24.325	1105342	3422	0.159	95.9
3947.5429	16.55	1104769	2572	0.226	80
5444.7604	27.354	1104126	3707	0.244	80
5749.808	27.939	1096502	3773	0.227	80
2694.4155	12.191	1095942	2183	0.242	97.3
4237.5709	18.037	1091048	2728	0.174	93.7
6020.769	24.136	1088992	3406	0.192	96.3
7789.1458	32.732	1081838	4160	0.201	80
5293.6386	23.791	1077985	3357	0.203	93.9
2875.3594	9.135	1067293	1917	0.233	80
2950.39	11.153	1060979	2082	0.24	100
1132.6528	3.039	1056494	1302	0.203	85.7
9451.3629	33.683	1043343	4242	0.213	80
3815.5424	20.65	1040967	2997	0.191	84.8
10094.497	34.362	1035543	4314	0.19	74
3891.4942	17.024	1032709	2631	0.238	100
3002.4396	8.601	1032149	1853	0.208	100
1989.3096	11.53	1027328	2122	0.223	100
1277.1832	1.009	1023217	887	0.089	100
6509.8604	25.336	1019699	3573	0.186	80
2423.2259	7.665	1017380	1756	0.192	100
3526.4327	13.475	1011995	2303	0.218	100
650.1225	0.905	1011791	674	0.098	100
3222.434	13.255	1009874	2287	0.335	65.8
5947.7291	25.272	1006803	3558	0.226	100
4871.6249	21.782	1005371	3100	0.214	93.1
6094.8588	25.668	1003783	3595	0.165	83.8
4992.7428	26.996	1003108	3681	0.172	100
2507.3432	11.4	997598	2113	0.216	100
2334.3559	12.755	994280	2222	0.4	80
2604.3705	11.968	990468	2174	0.211	100
12020.5663	35.529	985986	4507	0.201	80
3350.4906	17.648	984327	2692	0.221	100
2117.201	4.805	984248	1528	0.214	100
2912.4114	13.789	983005	2344	0.21	100
5233.7058	21.774	978878	3095	0.189	80
4559.5918	19.341	974223	2853	0.22	80
4526.5717	21.445	967468	3059	0.234	89.3
2900.4164	11.153	967130	2083	0.251	100
7139.0058	31.633	966843	4099	0.197	82.1
2286.2859	3.195	960593	1333	0.356	80
4161.5716	18.232	952601	2749	0.227	80
11839.6536	35.528	938081	4506	0.206	75.1
1787.4327	29.305	935489	3908	0.259	100
2389.3747	10.475	931068	2037	0.211	100
3608.5507	20.805	922464	3003	0.183	82.9
2297.3149	6.737	920852	1675	0.206	100
2910.3931	11.684	917255	2138	0.203	86.8
2629.404	15.881	917171	2506	0.211	100
4825.6723	24.948	915672	3510	0.203	90.7
542.0005	1.228	915504	1189	0.607	72.2
9107.3326	33.678	908691	4238	0.19	80
5007.5781	23.111	905005	3262	0.248	86.5
10727.5922	34.561	903850	4327	0.217	62.7
3197.4384	15.856	903225	2500	0.242	100
11373.593	35.172	902964	4429	0.187	66.1
10421.5148	34.368	902400	4315	0.199	80
3871.5388	19.585	900239	2888	0.182	91.5
4491.6271	20.326	900092	2953	0.235	100
5413.8442	28.106	899000	3787	0.203	84.9
1481.6883	24.848	896977	3497	0.176	33.8
2548.3338	9.221	888299	1931	0.181	95.6
2437.5221	28.439	881635	3839	0.247	100
2854.3706	8.286	879966	1826	0.194	100
3677.4596	17.598	879611	2683	0.167	93.5
1317.1894	2.424	876209	1214	0.248	99.2
384.114	9.548	874702	1958	0.191	100
3204.4719	19.535	869634	2886	0.209	100
11354.6079	35.183	869225	4433	0.176	80
3013.3535	12.829	860097	2227	0.196	100
1288.2139	0.815	857532	594	0.105	100
1660.2569	8.224	855761	1818	0.215	100
2352.3224	3.204	852493	1338	0.26	73.4
2729.2517	9.954	850945	1996	0.196	100
1913.2605	1.067	850941	1039	0.101	100
4538.6005	20.302	850801	2949	0.221	95
6094.8502	24.509	849247	3455	0.183	76.9
12004.6747	35.537	846486	4512	0.182	80
4888.6476	20.635	845054	2994	0.167	99.9
3580.4547	13.303	845019	2292	0.209	100
6168.8873	30.06	842352	4002	0.168	90.6
6166.8767	30.057	841823	4001	0.185	80
2287.3157	4.937	840629	1542	0.264	92
4795.6662	21.201	839644	3042	0.269	77.9
1324.1824	0.965	839297	740	0.09	97.5
4496.6199	23.267	837715	3276	0.174	100
4578.6276	19.876	835931	2920	0.188	97.9
7065.9628	27.023	835659	3687	0.217	79.4
5216.6698	22.406	834333	3162	0.229	100
3307.4501	12.954	830744	2247	0.217	100
1951.2819	4.5	830541	1500	0.203	100
11072.5954	34.771	830382	4351	0.182	80
7484.0715	32.052	826387	4121	0.192	80
4922.6247	22.976	825864	3243	0.177	98
2564.3179	11.622	819151	2128	0.217	100
1662.2344	1.11	818209	1144	0.173	72.9
920.2301	0.853	817007	620	0.099	100
2546.3651	13.975	807720	2359	0.195	100
1872.2657	8.083	807313	1796	0.182	100
4558.7541	19.346	805616	2858	0.207	80
1606.2356	1.131	803886	1157	0.102	100
4296.6597	25.138	784486	3532	0.176	80
3180.457	17.11	784320	2642	0.208	100
11393.6329	35.128	783928	4391	0.242	73.1
3461.4787	20.658	783474	2999	0.173	100
11047.5761	35.136	781981	4400	0.186	80
1951.2825	7.999	781584	1784	0.202	100
1438.1568	3.574	780541	1389	0.106	100
2290.3308	8.162	778221	1810	0.204	100
2612.352	9.852	777036	1988	0.223	89.2
818.2426	29.758	776883	3969	0.511	80
2530.3702	16.395	775280	2559	0.237	100
1437.4502	24.85	774904	3499	0.23	100
3646.5673	23.584	764994	3312	0.164	96.1
4906.6374	19.348	763218	2859	0.197	84.6
3317.5206	21.829	761830	3112	0.175	100
489.82	1.059	757987	1017	0.077	87.4
9146.3247	33.451	756982	4226	0.193	80
3005.4447	16.078	756953	2524	0.31	98.6
2685.2862	10.625	752228	2053	0.207	87.2
3524.4636	15.253	751590	2458	0.211	100
3283.4396	10.51	749148	2043	0.208	100
5406.7481	23.407	747732	3290	0.196	77.4
6128.8934	29.332	743678	3913	0.161	80
6019.8104	24.13	742281	3403	0.222	69.6
3395.3847	16.654	741142	2594	0.172	100
1974.9167	24.829	740616	3487	0.158	71.7
4837.7208	26.879	739707	3671	0.192	80
2583.3574	8.849	739618	1877	0.229	80
10728.5507	34.792	734462	4362	0.175	80
3001.4216	10.625	734236	2052	0.192	100
3218.4348	13.448	732334	2299	0.216	72
9444.4161	33.952	732145	4268	0.18	72.2
11693.9371	35.143	731116	4410	0.193	80
2605.3453	8.86	730858	1887	0.259	80
4850.6476	21.327	728164	3048	0.217	82.4
9498.3373	32.339	727129	4143	0.217	79.1
1481.9386	24.845	726353	3495	0.178	46.1
3628.4866	13.057	719224	2263	0.203	93.4
2563.3347	9.837	718261	1985	0.22	80.9
4490.6231	20.33	718227	2955	0.217	80
526.0231	1.293	715493	1199	0.569	91.4
4253.5676	18.035	710465	2725	0.182	92.5
6180.8037	23.079	707995	3256	0.184	77.8
5666.8401	28.322	707819	3823	0.165	100
957.1425	0.991	706286	806	0.115	80
1631.238	1.069	704219	1051	0.179	85.2
8023.1836	28.17	703110	3807	0.257	80
9147.3377	33.451	702685	4227	0.174	80
4480.6254	24.009	702639	3380	0.19	78.5
1460.1391	1.013	702127	912	0.086	92.9
392.0102	1.329	700790	1202	0.512	53.2
2742.5637	28.783	700439	3866	0.238	100
4625.7184	26.46	698423	3627	0.159	85.7
6400.8827	24.653	697992	3463	0.217	75.9
3283.4382	11.394	695550	2110	0.196	84.6
5298.9308	35.326	693358	4465	0.198	69.2
1247.1838	1.21	689780	1184	0.146	100
2591.3272	6.113	684785	1611	0.307	100
4151.5854	22.242	681746	3152	0.199	80
3806.5276	21.967	679503	3121	0.189	80
2308.2673	3.179	674996	1327	0.371	80
3301.4247	15.838	674050	2492	0.256	100
6614.8364	26.615	673220	3644	0.166	80
6514.0101	30.202	672814	4014	0.174	79.1
3931.5467	16.651	672344	2593	0.241	67.5
3214.4091	14.629	669925	2398	0.285	89.6
982.9998	0.296	667587	2	0.347	62.5
2275.319	6.933	666819	1695	0.172	100
3603.4801	15.35	665068	2469	0.22	69.9
11718.5704	35.141	664899	4406	0.182	74.6
2954.386	8.865	662566	1889	0.246	99.1
3936.5488	16.648	661914	2592	0.225	100
4151.5768	23.095	661527	3259	0.201	80
2676.393	12.714	660885	2215	0.269	80
5530.7294	21.183	660040	3033	0.168	77.5
11392.6212	35.123	659186	4389	0.214	80
2596.3561	10.585	658670	2049	0.197	100
3283.439	12.624	657520	2201	0.318	77.3
2968.4516	16.058	654831	2518	0.193	100
5811.8074	25.224	653877	3542	0.187	77.3
3296.4709	12.698	653858	2209	0.174	85
2632.3636	8.095	653657	1799	0.231	92.4
2379.2596	8.425	649722	1844	0.184	88
3700.4246	18.147	648119	2745	0.171	100
2507.344	13.733	645733	2338	0.278	93.6
5499.7707	26.873	644755	3670	0.19	77.1
2667.2747	8.058	643869	1793	0.157	100
8158.1755	33.014	643683	4186	0.171	78.5
1644.2129	4.348	643639	1481	0.311	80
1962.2627	4.871	642451	1539	0.283	100
4918.6613	21.051	641222	3021	0.19	91.3
2257.308	7.79	639332	1775	0.173	96.6
1945.2379	1.074	637786	1070	0.081	83.4
5553.7459	23.189	634438	3272	0.185	80
5143.7507	26.962	633754	3674	0.169	67.4
5789.8032	24.355	631867	3429	0.211	80
666.0839	0.763	630833	533	0.074	72.7
740.4706	25.133	627463	3531	0.202	80
5878.8489	28.645	627163	3857	0.163	80
5521.7212	23.051	625668	3250	0.22	89.6
2325.3556	8.851	625548	1879	0.241	95.4
2379.2614	6.94	624820	1696	0.183	76.4
5467.7451	24.091	620299	3393	0.23	78.6
2073.2347	6.291	620078	1626	0.196	100
2570.3172	8.154	617052	1807	0.149	80
1266.2335	0.809	616074	592	0.082	95.8
2929.3805	9.756	615683	1975	0.23	78.7
1959.2544	4.192	614205	1456	0.283	52.8
5155.7099	22.967	614124	3240	0.177	68.8
2509.3224	7.59	613980	1746	0.207	100
1021.1592	0.996	612623	826	0.073	67.5
2243.2947	7.567	610245	1739	0.232	81
432.056	0.99	608084	803	0.085	82.9
374.132	29.75	605304	3963	0.494	100
5413.8444	28.42	604254	3834	0.175	60
9750.422	34.124	603844	4283	0.194	77.3
490.0704	1.054	602678	990	0.103	100
988.1367	0.974	602344	763	0.086	100
3322.4611	10.933	601754	2065	0.232	90.9
942.2118	0.875	600683	641	0.104	100
10747.5676	34.787	599281	4356	0.187	75.5
4825.6762	25.415	595431	3577	0.164	97.2
5337.7903	27.256	595149	3700	0.154	97
2977.4136	10.379	593413	2028	0.256	78.9
3858.578	24.169	592810	3414	0.164	80
2071.4967	27.902	591995	3765	0.133	66.7
9450.4613	33.684	591933	4243	0.228	80
1646.2412	4.269	590867	1476	0.247	100
2055.2252	2.739	588238	1259	0.233	100
536.0756	1.007	587399	878	0.159	80
3933.5398	16.645	586660	2589	0.244	82.1
2853.3749	11.206	586110	2094	0.248	74.3
1272.2484	0.857	583647	625	0.105	99.7
2639.3998	13.223	581866	2276	0.202	100
3934.5149	14.776	581264	2410	0.211	93.2
1155.3679	34.555	580850	4325	0.279	100
4254.5553	17.165	580107	2651	0.181	77.9
1304.1806	0.788	578383	569	0.084	96.6
2092.4741	27.901	577982	3764	0.227	100
1980.3098	7.261	577425	1719	0.17	100
556.0857	29.751	575409	3964	0.603	88.1
4923.6786	20.286	573302	2947	0.188	73.8
7739.0198	28.919	572629	3886	0.17	80
6794.9801	31.159	571687	4065	0.189	80
1576.2362	4.792	570061	1524	0.244	100
2256.3232	4.368	568666	1487	0.303	77.6
1327.7063	12.875	567946	2237	0.215	87
10746.5936	34.784	566924	4355	0.198	67.3
4492.6922	26.588	563951	3641	0.192	80
2389.3746	9.171	563796	1923	0.184	100
2938.3881	10.331	562512	2023	0.221	60
3509.519	19.661	562238	2895	0.213	79.6
2094.5027	30.921	560348	4058	0.212	100
8770.0531	34.133	559320	4290	0.187	80
2139.1822	4.806	557144	1530	0.215	100
2609.3392	6.81	556319	1681	0.223	90.6
11935.5635	35.18	555900	4432	0.203	79.2
4271.503	19.076	554786	2816	0.162	84.7
5059.6249	21.756	553517	3088	0.172	100
3607.4518	15.491	553014	2474	0.255	100
4492.6753	26.056	551804	3608	0.199	85.6
2877.3877	12.918	551382	2243	0.327	73.7
5500.7297	23.059	551204	3252	0.253	100
4493.6584	26.585	550868	3639	0.178	97.9
3214.409	14.256	550578	2382	0.22	100
4832.6452	21.804	550252	3105	0.228	81.9
2540.3073	8.866	549368	1890	0.22	87.4
2853.3743	11.084	549339	2077	0.237	82.2
1975.5835	24.813	549297	3483	0.12	70.5
5435.767	25.941	549179	3600	0.229	80
1811.1741	2.514	547918	1227	0.229	87
5117.7566	27.461	547234	3711	0.224	74.9
5669.8208	22.726	547219	3218	0.153	80.1
2334.3579	12.845	546434	2233	0.301	95.5
5270.7609	23.791	544259	3355	0.182	76.8
5166.7764	28.331	542703	3825	0.182	68.6
1952.2712	1.1	541009	1138	0.132	93.6
7372.0134	27.208	540980	3693	0.205	68.9
5466.7515	24.36	539434	3431	0.173	76.8
431.3883	0.998	537615	834	0.081	92.5
3048.589	29.736	534151	3954	0.204	87
3559.4529	15.853	533982	2499	0.243	76
5844.777	24.234	532595	3417	0.164	78.1
5793.772	24.836	532558	3492	0.239	100
6771.9871	30.663	530595	4038	0.263	57.4
2977.414	9.221	530092	1932	0.208	66.3
4249.5725	16.78	529537	2605	0.188	88.7
1660.2574	6.683	529088	1671	0.18	100
2007.2851	4.051	527525	1443	0.409	100
2219.2877	3.363	527389	1375	0.158	76.9
1767.2104	4.386	524300	1491	0.24	100
2596.3066	6.488	523377	1645	0.266	42.8
3526.49	18.272	522908	2755	0.203	66.9
3283.4389	10.073	522291	2002	0.271	54.1
4680.8303	34.18	521294	4301	0.182	78.7
3485.4967	18.55	521110	2784	0.176	98.8
3829.5518	21.851	520878	3115	0.224	90.1
11188.5746	35.185	520327	4437	0.183	80
3679.5433	19.872	519167	2917	0.189	100
6242.8149	26.666	518521	3656	0.178	74.2
4120.5793	21.819	517969	3109	0.183	86.7
2303.3163	3.198	517313	1336	0.299	78.8
11699.6722	35.153	517070	4421	0.19	80
2251.2634	3.205	517054	1339	0.293	72.3
4264.6337	22.151	514184	3141	0.159	99.9
2164.2787	4.773	513677	1523	0.223	100
9749.3329	34.129	511780	4288	0.184	60
2928.4059	11.645	510162	2133	0.238	46.8
1661.193	1.039	509936	965	0.11	100
4439.648	22.995	508699	3245	0.184	80
2585.3736	8.669	508667	1863	0.132	64
2201.3186	9.004	506302	1906	0.156	100
2977.4126	10.495	503770	2040	0.228	77.4
535.7434	1.006	502357	871	0.065	80
9567.3553	34.139	501695	4297	0.173	80
1318.1842	1.012	500061	902	0.135	100
3309.3833	15.536	499846	2480	0.173	98.5
2978.402	8.105	499772	1801	0.185	100
1609.2101	1.089	498220	1116	0.147	80
3257.4582	15.041	498177	2441	0.242	70.8
2751.2329	9.951	497702	1991	0.204	100
5268.7248	20.996	497415	3016	0.181	72.7
2968.9045	25.226	496924	3543	0.237	80
3058.3027	13.253	496626	2286	0.22	100
1262.1825	0.993	493700	815	0.101	100
3806.53	20.999	493136	3017	0.159	100
4201.5782	19.272	490521	2833	0.215	78
2685.2873	9.201	490492	1927	0.166	55.4
6793.9808	31.163	489903	4068	0.161	75.2
4536.6272	21.662	488647	3080	0.16	78.4
10077.4711	34.371	488535	4317	0.168	64
5118.7721	28.161	488005	3805	0.161	76.2
4159.5414	20.17	482541	2942	0.178	77.6
6719.9818	26.771	482346	3662	0.216	73
5817.8489	28.785	482321	3867	0.165	79.5
10095.4619	34.139	480702	4298	0.202	66.5
1265.1412	1.03	479717	950	0.091	100
4664.8207	34.205	479068	4303	0.216	55.8
3869.5156	17.421	478308	2675	0.159	60
2366.3475	5.609	478121	1573	0.302	78.9
4191.5899	17.458	477674	2676	0.22	55.2
10563.4496	34.584	477253	4339	0.168	77.7
3216.4208	13.677	477240	2327	0.217	80
2909.3678	12.817	476907	2224	0.228	60
6487.9749	30.688	476717	4044	0.224	80
5488.7274	24.109	476654	3398	0.292	80
3183.4236	12.987	475229	2258	0.246	77.9
1599.2051	1.008	475218	882	0.076	80.5
672.1034	0.923	475150	692	0.099	100
10422.5111	34.371	473326	4316	0.182	62.8
1912.2707	1.066	473112	1034	0.094	97.6
990.1116	0.761	473079	529	0.083	93.6
4187.6347	26.019	472822	3607	0.175	88.3
4904.605	19.336	472317	2851	0.198	72
4088.5057	18.04	471312	2729	0.173	91
4333.4776	20.431	470508	2967	0.237	100
1711.2523	1.054	470409	992	0.096	80
6344.795	25.336	469428	3571	0.184	72.9
2201.3181	9.243	467975	1937	0.224	64.6
5789.7955	25.003	467730	3514	0.173	80
2936.4109	12.186	467397	2182	0.331	96.3
6486.9681	30.703	466572	4047	0.235	79.2
2258.293	9.107	466099	1914	0.169	100
2371.352	10.309	464881	2015	0.184	100
5579.7019	23.974	464655	3376	0.184	45.8
5029.5615	23.114	463911	3263	0.225	92.2
3571.4882	16.859	463437	2611	0.197	100
3511.4772	15.331	463356	2468	0.28	66.1
2707.4225	28.105	462624	3786	0.198	85.8
4197.5222	18.581	462344	2788	0.216	98.2
4794.6321	18.822	461778	2797	0.186	86.7
3296.4704	12.913	461480	2242	0.196	62.6
3273.4905	17.622	460736	2686	0.178	81.5
4282.6511	22.843	458822	3224	0.22	50.9
546.555	0.973	456695	760	0.086	99.6
1655.2514	2.499	456683	1220	0.261	96.8
2589.3276	7.694	455546	1763	0.205	77.8
4233.5606	19.475	455526	2883	0.2	80
7138.9809	31.258	454930	4073	0.181	66.9
1153.3394	28.725	453543	3860	0.286	100
11838.6795	35.535	453214	4510	0.208	71.6
5758.8439	27.715	451965	3741	0.176	78
2256.324	7.004	451092	1705	0.152	100
980.1599	0.892	449759	659	0.091	100
3021.4399	14.161	449443	2371	0.391	98.6
692.1081	0.945	448392	710	0.08	80
1552.567	29.751	446673	3966	0.385	80
4686.8199	34.605	443972	4345	0.176	93.6
2561.3654	4.72	443325	1517	0.276	82.8
3245.4864	15.055	442803	2445	0.162	100
4970.7608	26.575	442760	3637	0.163	66.7
3222.4344	13.095	442288	2267	0.164	73.9
3279.4983	17.725	442172	2696	0.174	95.4
5424.7889	28.131	441818	3798	0.166	100
1012.0928	0.752	440270	513	0.103	92.3
5821.7922	23.465	439848	3303	0.238	60
3252.4544	11.082	438433	2076	0.221	80
5154.757	26.234	438285	3614	0.193	52.6
5959.7864	25.25	438242	3548	0.208	58
9912.4007	34.137	438235	4296	0.17	75.5
2979.4281	11.198	436427	2092	0.221	68.8
6146.9083	29.628	436152	3938	0.243	35.5