4963.6193	29.792	28505306	2084	100
746.2489	18.462	26065826	1368	100
6193.9676	39.221	18127052	2942	100
6097.9347	39.504	17173080	2971	100
4282.6486	30.874	15880661	2177	100
5921.0415	37.87	15575710	2744	100
5669.836	33.012	14614098	2344	100
5511.8306	35.9	13088146	2548	100
5299.821	35.684	12807606	2532	100
4970.7665	34.609	10873309	2435	100
3328.512	25.192	10673175	1758	100
2983.4639	23.756	9276684	1651	100
5669.8381	29.221	8589857	2040	100
2685.286	16.7	8123710	1273	100
5828.7189	31.788	6845137	2243	100
2654.4105	20.727	6691067	1513	100
3014.3392	20.024	6652887	1468	100
4627.6972	31.263	6391034	2202	100
5749.8055	34.662	6193299	2442	100
4618.5678	28.945	6039268	2016	100
4289.5147	27.148	6033378	1879	100
6250.0913	39.298	5832168	2956	100
3984.471	26.106	5623725	1823	100
3776.5645	21.762	5327683	1554	99.5
3657.5668	27.417	5126136	1903	100
5998.8848	34.687	4955564	2448	96.6
4410.6596	25.168	4931228	1754	100
5644.8697	35.812	4852302	2541	100
3777.6332	32.777	4553148	2318	100
2073.234	10.928	4427807	1050	100
768.23	18.499	4282277	1373	100
3102.4605	18.572	4279580	1379	100
5856.8793	36.036	4185467	2567	100
3673.5593	25.936	4042227	1813	100
2999.4582	21.802	3965040	1557	80
5020.7404	26.406	3892666	1834	100
5315.8151	34.779	3857850	2457	100
6771.9928	38.393	3706693	2807	100
5840.885	37.167	3623732	2660	100
7117.0453	38.873	3506106	2867	100
5749.8038	31.159	3468494	2191	100
3447.5082	18.603	3429760	1385	100
3373.4055	23.3	3377181	1626	100
4715.7	25.691	3266645	1800	100
1671.248	7.304	3142702	941	100
6194.9547	40.842	3087699	3093	100
6211.9739	40.302	3082270	3036	100
2541.4824	27.899	3029272	1947	100
6001.0065	39.15	2999174	2912	100
4985.6028	29.805	2900994	2087	100
2379.2626	14.091	2865474	1158	100
1767.209	7.358	2837851	946	100
5732.6997	31.772	2823653	2237	100
5444.7634	34.1	2785993	2387	99.9
5924.7552	31.775	2753218	2238	100
2773.4081	14.261	2718799	1168	100
6171.9711	38.416	2702116	2814	100
694.0887	1.158	2701270	588	75.4
5998.8899	31.124	2642661	2186	97.6
5493.8166	35.268	2618842	2488	100
1438.1548	2.925	2501444	732	100
3166.5661	32.358	2499558	2295	97.3
3471.6055	32.073	2485944	2270	100
4002.6129	27.996	2473079	1951	100
6465.9704	38.006	2463925	2766	88.6
7462.0964	39.527	2455794	2979	80
2349.3689	18.43	2431764	1360	100
3678.4475	24.665	2416318	1703	100
6185.9345	37.241	2384941	2668	93.8
2349.3683	18.812	2355002	1402	100
2250.2759	10.375	2282825	1021	87.5
2847.5087	28.729	2275337	1999	94.3
3526.4333	20.318	2252901	1487	100
1366.2072	4.02	2219430	809	86.1
3001.0057	39.182	2198009	2928	100
3678.4468	25.031	2103607	1744	100
1599.2043	3.631	1972896	777	100
4081.604	21.857	1950560	1563	100
1190.1313	14.083	1930121	1156	100
8136.1916	40.385	1925167	3050	78
3328.5107	24.568	1915662	1693	88.5
6146.9096	37.46	1897334	2688	100
2920.4421	37.169	1819890	2663	100
5698.979	38.787	1800469	2854	100
4795.6686	28.107	1753246	1961	71.9
5173.8588	35.919	1743738	2558	60.9
5326.767	27.802	1725570	1935	80
5444.7629	30.401	1702993	2137	85.8
2044.3269	16.8	1700693	1287	100
738.0527	1.182	1641262	632	78.3
7462.0915	38.888	1634847	2874	80
2694.4162	19.735	1609121	1448	100
7117.0417	38.42	1587728	2815	80
2290.2818	10.466	1584520	1032	95.4
3373.4031	22.794	1575094	1606	100
2915.3646	17.907	1557574	1321	100
4756.8228	37.05	1482043	2649	100
2016.295	9.885	1479624	1002	100
5829.7047	33.293	1447881	2353	100
3431.5155	22.107	1440341	1578	100
4264.6367	29.696	1433371	2064	100
5925.7323	33.241	1432056	2350	100
3182.4272	22.222	1425309	1583	99.7
1607.2309	3.755	1419776	794	100
4952.7552	34.161	1395944	2395	93.5
2296.38	18.835	1386812	1408	80
3549.5082	23.446	1383643	1636	85.3
5937.0323	37.517	1362384	2699	84
5696.949	38.762	1352977	2848	100
4154.7096	32.004	1347786	2260	63.4
4739.7089	27.707	1340256	1923	99.3
1890.4097	27.2	1324986	1882	35.2
4105.6133	24.71	1296733	1711	99.6
5281.8088	35.38	1274053	2498	80
6113.8928	37.371	1264317	2679	82.3
2656.4122	20.709	1244992	1507	80
7791.1787	40.196	1226259	3028	80
5100.706	28.821	1220264	2005	72.4
2074.2409	10.927	1213844	1049	100
4411.7745	36.388	1197779	2592	81.6
6788.9934	39.165	1186898	2920	100
3527.4738	22.091	1170464	1575	80
2334.3569	21.585	1156505	1545	100
2934.4451	24.172	1155214	1673	100
2636.3976	18.804	1152866	1400	97.6
4304.634	30.869	1132415	2173	100
5349.8008	28.686	1113451	1990	80
2596.3069	12.965	1100858	1112	100
2684.3018	16.168	1096933	1249	100
3608.5447	28.628	1088944	1989	100
2921.9455	37.168	1087693	2661	100
2044.3263	15.008	1087020	1206	100
2908.3803	19.514	1083192	1441	94.6
4489.6405	27.773	1082764	1931	80
4185.5829	26.676	1077684	1851	80
6268.0044	38.185	1073205	2794	80
3991.5474	21.646	1048173	1547	60
3330.5152	24.579	1043235	1695	93.6
4490.6219	27.127	1038931	1877	80
6811.0257	38.042	1038312	2776	80
6491.9674	37.532	1036253	2703	80
4505.625	31.621	1002984	2224	86.5
4837.7274	34.473	992916	2421	93.9
3005.4488	23.759	990628	1652	100
3350.4967	25.194	990396	1759	100
3951.6171	31.433	989340	2212	100
5695.9739	38.804	987637	2858	80
3659.5698	27.424	986365	1908	100
2965.4509	22.54	967811	1595	100
4499.7594	33.698	964258	2366	69.5
4163.6212	31.836	963749	2247	100
2836.577	31.576	950034	2223	93
3013.3527	19.5	945390	1439	100
2095.2201	10.924	942790	1046	100
3001.5062	39.225	918507	2945	87
3856.5272	23.797	914992	1655	77.1
4992.7497	34.605	903016	2433	80
3310.5002	24.096	893984	1666	100
5691.8275	33.022	888451	2347	80
2331.3579	16.469	885794	1261	100
7788.2355	40.175	884379	3026	80
1225.3215	14.484	882395	1184	100
964.1972	1.398	866862	690	78.4
2467.3828	8.386	863243	959	100
2602.3556	17.664	861780	1313	98.3
5533.8175	35.905	861582	2550	80
2676.3951	20.721	859406	1510	100
5942.7626	32.891	842122	2325	81.1
3888.5109	25.946	840848	1815	79.1
7807.1385	39.523	835117	2978	80
5685.8555	32.719	828410	2313	79.4
3073.4551	37.469	823391	2691	92.7
1944.2498	7.202	822760	928	100
3127.5471	30.633	821368	2152	99.5
5321.803	35.673	816363	2529	87
2055.2232	8.676	814821	973	100
6079.9234	38.877	814191	2869	91.5
1528.3836	29.017	808874	2023	100
790.2115	18.745	797817	1394	60
2197.4376	26.474	795604	1842	77
4106.7372	35.844	794641	2544	100
5846.7284	32.924	792004	2329	80
2875.4165	25.013	791085	1743	84.4
1639.2089	6.5	789168	885	100
724.2659	18.394	788520	1349	80
1438.1562	3.346	788494	746	82.1
3301.4496	19.438	786537	1434	60
2694.4156	20.054	779982	1472	99.8
6195.9494	40.865	779244	3096	100
3220.4052	18.523	773618	1375	99.9
5007.5823	29.792	770043	2083	100
4577.5604	25.726	769019	1803	72.7
986.1793	1.381	768449	685	64.7
3549.5052	28.49	765045	1982	89.8
5258.8273	35.671	764942	2528	57.2
1098.2173	26.416	762496	1837	68.7
4257.1368	40.512	759065	3069	95.4
3800.7073	35.207	756452	2481	92.6
3543.4578	25.545	749833	1790	80
5444.759	34.033	747352	2384	80
4945.6046	29.065	741784	2025	82.3
2201.3179	21.654	741480	1548	100
6266.091	37.741	736004	2722	72
6193.9706	38.045	732922	2777	61.4
2378.2754	13.491	732213	1131	98.3
2401.2454	14.072	730261	1152	80
2877.3865	20.523	719953	1499	89.6
5044.752	28.094	717145	1958	94.8
5061.8674	37.418	715498	2682	80
3165.6305	33.316	707354	2356	91.8
2707.2719	16.687	704740	1270	100
2585.3774	21.979	698999	1568	100
1008.1611	1.377	686840	684	65.6
4677.7709	38.184	679796	2792	87.9
3852.669	31.185	679047	2195	58.3
4490.6226	27.733	671624	1925	80
6116.9453	39.506	669138	2972	80
4616.6302	26.668	667830	1850	58
4233.5609	26.641	666523	1849	87.8
4625.7179	34.202	657892	2399	100
2627.348	10.454	649201	1028	79.4
4773.8127	37.853	647998	2742	80
6469.9364	33.705	641710	2367	74.8
5768.9322	38.052	640997	2779	60
4161.5687	24.862	639050	1727	79.1
2546.3668	22.373	637503	1590	100
6128.9031	36.779	635776	2636	80
1130.3643	18.481	622650	1370	87.1
3430.6344	35.935	622088	2560	82.5
2444.355	6.534	616223	889	80
3036.3251	20.019	614575	1464	100
4492.6761	33.529	613402	2358	74.3
4160.5768	30.59	612457	2148	80
2389.3739	18.437	605698	1363	96.6
1976.2771	3.738	595655	789	75.3
2138.3293	1.147	593113	584	94.7
3622.5608	29.912	583628	2106	97.6
3246.445	22.215	582160	1582	100
5691.8282	29.221	576225	2039	82.5
4505.6226	27.358	576133	1900	78.3
1856.3185	3.554	575366	763	100
1646.2406	12.115	570749	1085	96.7
1905.2273	6.835	570547	906	100
2026.3156	14.143	570234	1161	100
5215.8182	34.49	559397	2426	80
1928.2654	24.838	558654	1723	80
2663.4109	24.181	556309	1675	100
3858.5838	31.944	555030	2251	80
2361.2491	11.901	554864	1080	100
1653.2367	5.189	554734	842	66.5
1639.2092	4.628	553873	827	74.4
3965.5546	24.164	552726	1670	60
5100.7026	28.727	551648	1998	67.9
5406.7345	29.934	548898	2109	73
1021.1576	1.264	548483	659	94.7
1944.2558	6.8	547942	903	87
732.0356	1.223	535700	644	63.5
2162.4762	29.791	529408	2081	77
6119.9226	39.51	528303	2974	82.7
2914.4309	24.97	522348	1737	93
4640.5512	28.944	518763	2015	96
2698.3773	20.733	515325	1515	100
2491.5314	31.464	511098	2217	100
4137.7996	34.629	509914	2436	80
5768.8504	36.019	507451	2565	80
2629.4045	23.877	504486	1660	97.1
1660.2558	17.428	499988	1307	100
4298.5738	22.914	499093	1610	75.8
920.2331	1.514	495729	702	100
4410.6583	24.742	492637	1712	83.6
1277.1807	9.356	488162	987	69.1
4271.5153	25.864	486746	1809	80
2548.334	16.606	486336	1264	68.2
3646.579	31.535	482727	2219	72.6
3214.4077	21.541	482194	1544	70.1
5518.8943	36.46	482074	2602	54.3
3000.5039	39.148	480444	2911	80
986.1799	1.049	467700	462	100
1693.2316	7.298	463606	939	100
4609.6813	30.129	462801	2124	87.8
1891.3943	24.135	457176	1668	87.4
6016.9963	38.894	456897	2876	64.9
5022.825	37.933	456297	2757	80
5943.0333	37.842	455216	2739	85.6
3679.4504	24.66	453712	1702	100
6266.0971	38.995	449842	2888	80
7118.0412	38.865	449255	2865	80
3646.4972	19.46	448857	1436	34.9
1536.9778	37.471	448628	2692	100
1247.1836	7.454	448609	950	96.6
2981.4454	19.995	446675	1462	90.3
2218.2949	8.861	446272	975	63.9
1514.481	18.464	445411	1369	100
1640.1945	3.744	441169	790	100
1152.3459	18.497	441105	1372	99.6
3679.5496	27.42	440815	1905	100
3494.6829	34.605	438552	2434	100
1052.1248	1.353	437858	674	49.3
2654.4109	21.504	434143	1542	97.9
5685.8348	28.879	432052	2013	80
3855.5343	29.678	429921	2062	80
6096.9427	38.098	429073	2784	60
1074.1052	1.109	427584	538	99.6
790.2114	18.334	422679	1346	60
4795.6642	27.765	421712	1929	79.8
3180.4565	24.629	421696	1699	88.8
2972.3972	14.829	420401	1199	65.9
4043.6967	34.987	419850	2468	100
4410.7516	24.751	418045	1714	73
4971.7731	34.555	417618	2430	85.9
1980.3094	14.566	415862	1187	92.9
3097.4842	39.219	415209	2941	100
6571.1145	36.765	412226	2632	80
1911.2753	16.01	410927	1243	100
2444.3566	7.125	410812	922	96.7
2913.4687	36.749	408440	2627	67.2
4311.5006	27.13	406315	1878	80
3833.7073	34.018	406247	2382	76.5
3600.4679	18.093	405462	1327	89.9
3639.551	26.571	404208	1847	100
1294.1594	2.732	403523	726	99.2
1675.2672	13.1	403412	1115	76.2
1293.1744	1.143	403385	580	80
3021.4438	21.801	402987	1556	99
3798.5489	21.757	401223	1553	100
5879.9974	36.19	399922	2580	69
730.236	37.222	399266	2666	68.4
3027.4307	23.756	398920	1650	100
3983.4871	25.775	398739	1807	79.2
5921.0432	37.815	398116	2733	87
1348.1956	3.363	398030	752	81.6
5390.9284	38.536	395808	2836	80
5117.8476	37.624	394861	2714	71.4
2875.3607	16.151	386681	1246	80
1789.1922	7.362	386317	948	100
5838.8609	35.407	384778	2502	80
5415.853	35.112	382748	2473	71.9
4296.6562	32.961	378929	2332	80
1008.1617	1.064	377705	479	100
1419.8949	29.726	375395	2074	87
3660.4326	23.272	372331	1622	89
3966.4791	24.82	371426	1720	71.8
3317.5203	29.913	371338	2107	89.9
967.0056	1.263	370572	658	58.1
2524.3237	12.898	368902	1109	85.3
3372.4777	25.189	368258	1757	85.4
1688.2271	3.73	366934	788	100
3903.5056	20.163	366201	1476	65.3
2162.4781	30.074	364292	2117	72.2
1922.4468	24.237	363234	1679	98.6
3655.5461	24.89	363170	1729	80
2090.6685	38.184	358579	2793	80
4006.4561	26.102	358018	1822	93.5
2240.3288	20.053	356022	1471	80
3350.4952	24.574	355645	1694	100
5534.7779	33.009	354807	2343	78.5
1951.2813	11.886	353530	1079	84.4
1460.1381	2.927	350283	733	100
2117.2021	10.924	350029	1047	80
2423.2275	14.076	347870	1154	99.8
5541.8669	38.794	345223	2856	73.5
2968.4497	23.861	344682	1658	100
1872.2652	16.332	342027	1251	100
2615.5216	25.763	341898	1806	67.2
2048.6659	39.079	341221	2897	44.9
3792.5534	21.136	340191	1529	80
2309.3605	19.738	339680	1449	100
5463.9061	37.797	339578	2732	60
956.1362	5.266	339234	843	58.4
6147.9148	37.477	338592	2693	93.8
3855.5317	24.842	338444	1724	69.9
2795.3945	14.27	334303	1170	100
6215.9549	39.192	333309	2930	80
3551.4923	23.575	333168	1643	71.7
5297.8087	34.364	332668	2407	79.6
1567.5013	38.174	331299	2790	80
2389.3741	16.854	329880	1289	99.6
1501.2537	39.141	329673	2908	68.5
5998.793	30.676	329375	2161	69.6
4649.6816	31.259	328749	2199	100
5042.7269	26.413	324436	1836	99.5
1285.8452	24.888	324351	1728	70.3
5862.8716	37.165	323359	2659	80
5164.8207	35.907	322037	2555	80
2667.2737	14.706	318878	1196	85.3
972.1416	5.813	318622	860	100
1030.1431	1.366	317700	679	60
5850.7055	31.791	316767	2245	80
5214.8246	35.906	315682	2553	70.1
2821.5163	29.598	315341	2053	66.8
3355.3902	21.836	313966	1560	74.6
4432.6455	25.168	313810	1753	97.8
5182.782	34.405	312878	2416	60
3677.4585	24.307	311777	1682	97.5
1380.2332	35.988	310830	2562	69.6
1622.2291	12.403	308922	1088	85.2
2586.9305	35.906	308845	2551	60
2272.2608	10.381	306557	1022	100
3244.4838	27.218	306193	1884	86.1
3311.4982	24.081	305703	1664	67.5
1306.2086	6.564	305634	891	80
5750.8102	31.176	305381	2194	65.4
6014.8832	34.398	305299	2413	71
2585.3772	15.706	304891	1224	95.9
2878.3881	20.771	304724	1517	65.2
2524.3208	12.654	302891	1097	98.2
4970.7684	34.148	302466	2390	73.9
2676.4041	17.959	302396	1323	97.7
5999.8972	34.68	302005	2447	100
1576.235	12.265	299987	1087	71.7
4326.6146	30.874	299544	2176	97.2
5670.8349	30.713	296782	2166	70.2
2251.2768	9.985	295624	1008	69.3
5626.8501	35.493	295370	2513	73.6
1002.1442	1.505	295201	701	61.8
3310.4979	23.409	295201	1629	78.8
5713.8065	33.018	294318	2346	89.4
843.9648	1.36	294033	677	35.5
2729.2526	16.692	293332	1272	100
3328.5146	24.637	289468	1700	83.9
4426.6543	24.822	289082	1722	60
3641.5571	26.568	284641	1846	100
5343.7837	35.677	283423	2530	97.2
2650.3766	14.601	281326	1189	90.1
730.2358	37.111	280944	2657	69.6
877.1745	1.08	279945	497	76.4
6268.9862	39.7	278794	2995	60
2853.3759	18.834	277442	1407	85.4
1688.033	1.24	276703	649	55
1974.0154	37.872	276384	2746	100
4966.6218	29.125	276094	2027	86.4
4831.7976	35.933	275409	2559	42.4
3953.5943	28.742	274726	2000	84.9
4161.571	24.942	273406	1736	95.1
1326.2002	3.72	273153	786	86.4
1857.4355	30.196	272791	2126	100
5822.8667	36.532	272463	2606	74.1
6442.9118	37.909	271885	2751	71
2530.3711	24.697	270225	1707	99
6492.9905	37.542	268318	2705	77.9
3984.5931	27.182	266465	1881	93.6
5848.9157	38.627	266223	2841	63
693.9731	1.387	265060	687	49.8
1021.1579	3.348	264954	747	100
1480.5112	37.874	262679	2748	80
957.1403	1.169	262324	600	100
4185.5834	26.845	262230	1860	77.8
2773.412	12.478	262222	1090	96.7
2072.2501	10.309	261640	1016	99.5
1660.256	14.857	261055	1200	100
5215.8279	37.64	260930	2717	65
5029.5675	29.806	260588	2088	90.9
1456.4827	36.67	259594	2620	45.1
1711.2527	6.892	259196	911	80
5014.7334	34.605	258722	2431	99.9
1537.4793	37.515	256997	2697	76.9
3485.5018	26.024	256821	1819	93.4
3464.5996	18.563	253969	1378	89.8
2711.5049	18.436	252311	1362	99.8
2893.5629	33.144	247743	2349	63.2
4348.7159	35.813	247280	2542	70.4
1635.2615	11.563	246888	1069	100
1959.2493	10.6	245741	1036	91.7
4562.2409	40.89	245341	3102	60
1030.1433	1.077	245337	493	100
5472.8288	36.292	244058	2586	64.9
1929.2442	10.995	243868	1053	86.9
3188.5502	32.362	243034	2296	66.8
3273.4892	25.307	242696	1774	65.2
2634.3538	27.01	242622	1870	45
3058.3075	20.021	240750	1465	100
2639.3988	21.383	239625	1537	76.5
6172.9714	38.395	239008	2809	91.5
3011.9951	39.125	238490	2907	68.3
3432.5846	31.982	238302	2255	60
2007.2818	10.862	237534	1043	77.6
943.2182	1.423	237066	696	79.8
4828.8161	35.989	237025	2563	40.2
4914.1952	40.882	236892	3101	50.2
3279.4938	25.21	236117	1763	71.2
5166.7831	35.906	234674	2552	69.9
1021.1581	2.494	234203	723	100
1052.1245	1.092	232580	513	100
1393.5566	38.282	232408	2796	69.6
6193.0125	38.013	231994	2767	43
2038.2796	9.902	231917	1004	96.3
3806.5304	29.51	231278	2047	75
2996.3358	18.628	231013	1389	90.2
4296.6644	31.876	230522	2249	76.8
6772.999	38.389	229831	2806	71.7
2869.4935	28.725	229579	1997	93.7
2913.9692	36.763	229437	2631	54.7
3223.4362	20.441	229419	1496	63.7
1494.5041	18.454	228683	1367	80
5337.801	34.804	228159	2461	80
1248.3445	14.641	227640	1192	80
6788.0561	39.227	227589	2947	50.4
3695.5437	25.932	226515	1812	100
1905.2281	6.327	225951	876	67.2
3223.4373	20.71	224627	1508	67.5
4289.5217	26.976	223591	1868	60
5423.7942	35.329	223553	2494	63.2
1715.213	7.291	222732	938	87.6
2668.2741	14.687	222155	1193	88.8
1024.1261	1.065	222125	481	100
4812.6728	32.334	221418	2293	69.6
2058.9895	38.478	219835	2820	80
1322.2336	1.348	219643	673	48.4
2940.7676	40.683	218930	3079	99.9
1938.2521	13.143	218471	1120	72.9
2197.4224	25.323	218226	1777	63.8
1388.1893	4.04	217928	811	50.9
4540.7094	27.252	217703	1892	50.9
2131.4555	25.424	216154	1783	65.8
3623.5649	29.872	216033	2102	83.2
7542.3567	38.906	216029	2877	45.9
3206.4382	20.967	215771	1525	76.9
4758.8321	37.073	215043	2654	73
6002.0099	39.179	214974	2925	91
7808.1397	39.512	214400	2975	60
1207.168	21.668	213781	1550	32.8
3096.4648	40.443	213671	3057	79.4
3966.5969	30.409	213211	2139	80
1278.2697	1.375	213087	681	73.9
2283.2993	13.476	212931	1128	74.1
1759.2764	3.774	212849	796	65.1
2940.4374	40.647	211844	3075	61.5
5520.9276	37.767	211833	2726	75.4
3856.5334	24.852	211050	1725	81.3
3371.419	22.435	210673	1592	65.2
762.9926	39.597	210445	2985	66.7
712.246	38.689	209534	2844	84.2
1285.8441	24.742	209152	1713	69.4
5807.7235	30.626	208969	2150	78.7
1911.2758	16.341	208932	1252	93.6
1989.3118	20.64	206576	1506	100
5752.873	38.887	206121	2872	42.5
2076.2405	10.996	205684	1054	58.3
6017.9983	38.8	205644	2857	60
2507.3418	19.008	205607	1415	71
5771.7993	34.648	205513	2440	71.3
2901.3984	20.226	204728	1480	56.3
2227.4878	24.492	203754	1690	99.8
5666.8502	35.796	203037	2538	80
777.2437	39.222	202835	2943	100
1366.1968	1.071	202219	484	100
2066.311	16.801	202016	1288	100
1623.2149	5.15	201858	840	93.1
4810.6671	28.223	201683	1967	60
1826.4122	25.209	200667	1762	77.9
4628.724	34.184	200471	2396	81.3
3395.3906	23.283	199925	1624	100
6214.983	39.214	199889	2938	62.2
2485.8834	34.153	199819	2393	60
4151.58	29.606	199699	2054	61.4
2999.4584	21.718	199646	1551	77.5
2852.3922	21.189	199122	1533	75.8
3736.6657	34.396	199103	2412	80.6
1929.7687	24.821	198138	1721	80
1002.1446	1.032	197857	444	100
2516.4699	29.841	197375	2098	57.8
2312.2671	10.463	196641	1031	89.3
1711.2534	6.318	196452	875	80.8
2944.4395	23.03	196383	1614	77
6014.8817	29.791	196277	2082	70.5
1035.1746	5.722	196261	858	99.2
4737.6847	25.7	195988	1801	80
3243.4808	21.785	195946	1555	60
2570.3161	15.408	195692	1217	59.6
2116.6081	35.537	194615	2515	63
4408.5616	28.488	193340	1981	60
1964.4466	24.997	193251	1741	46.8
1553.9933	39.169	193246	2922	60
5391.9218	38.553	193027	2837	76.8
1322.2344	1.05	192599	463	100
940.3079	13.201	192371	1121	100
5176.8717	35.854	192095	2545	54.5
979.6254	10.403	191739	1024	51.9
1206.2255	1.276	190895	662	98.3
1945.2357	6.129	190380	872	78.8
2371.3534	18.831	190088	1406	98.7
5766.9298	38.407	190088	2811	75
1174.3277	18.668	189935	1391	60
5540.8713	38.862	189503	2864	69.5
5750.8128	34.678	189256	2446	75
2612.3542	17.677	189194	1314	73.7
4508.6733	32.266	188900	2289	80
1623.2147	7.871	188450	956	70.2
988.1351	1.05	188133	464	100
5104.7177	28.758	188011	2002	64.6
6319.9253	31.97	187640	2253	60
2960.4395	40.423	187568	3056	67.5
1639.2084	5.51	186826	853	69.5
5460.8175	33.752	186635	2371	41.1
3737.6686	34.4	186458	2414	73.7
2466.3417	6.541	186183	890	100
2642.3609	16.434	185945	1256	77.8
1607.228	2.823	185922	729	96.2
5573.7315	27.776	185096	1932	49.1
5272.6856	30.367	184610	2132	97
2853.3728	18.678	184525	1392	71.9
3118.4538	17.126	184520	1298	85.3
3136.0039	38.102	184054	2785	87
1202.0501	1.37	184026	680	66.8
967.9886	1.17	183966	604	41.3
3243.4807	27.166	183528	1880	75.8
1832.3007	1.034	183487	446	70.5
6339.0535	39.924	183277	3012	65.9
5902.7518	30.705	183048	2163	65
1945.2342	6.336	182345	877	51.2
5672.9202	38.327	181776	2799	60
1302.1854	1.084	181673	505	97.5
1109.15	8.773	181216	974	85.7
7463.091	38.866	180499	2866	53
3552.4928	23.411	180107	1630	85.8
5857.8845	36.053	180102	2568	80
1629.2152	3.749	180099	792	99.2
700.1371	1.174	179358	616	92
1968.2547	30.64	179186	2155	80
1928.2574	11.018	178222	1057	75.8
1967.2812	12.004	178203	1082	97.6
4812.6716	32.184	177812	2276	87
1980.3091	14.145	176802	1162	98.8
1967.5838	30.641	176511	2157	78.3
4963.6137	29.177	175760	2031	70.5
6467.9632	37.94	175753	2759	80.4
4798.705	34.037	175595	2385	58.8
5765.8041	34.373	175217	2410	60.7
1606.2343	14.072	174651	1153	80
2256.3233	14.463	174278	1180	97.7
2219.2841	9.796	173756	1000	90.9
6788.0028	38.692	173592	2846	36.8
5555.7966	35.906	172891	2554	80
6015.89	30.848	172590	2172	66.3
3294.4423	16.003	171969	1241	69.2
2869.359	21.415	171952	1538	55.9
1767.2109	8.365	171784	957	53.1
2296.3329	18.778	171525	1396	80
2548.3356	16.895	170934	1290	76.9
3799.6186	32.753	170847	2315	65.3
1662.8698	29.741	170783	2076	69.6
1317.1876	7.356	169941	945	61.9
2502.4628	27.423	169240	1907	57.1
1344.2158	1.06	169112	470	100
1639.2096	4.072	168744	812	60
1437.7102	24.973	168328	1738	84.5
5713.8086	29.219	167576	2038	80
1281.7337	27.876	167420	1942	73.6
1278.1676	2.758	167154	728	63
716.2779	32.947	167030	2330	80
4562.6759	40.95	166926	3106	60
1998.2829	7.498	166287	952	75.7
6287.0137	39.086	166212	2899	60.9
4160.5755	25.998	165885	1818	60
2937.3503	17.901	165810	1320	80.7
3000.4627	21.829	165801	1559	65
3048.9684	38.914	165607	2879	38.7
3543.4588	25.407	165495	1779	60
1218.7403	27.239	165364	1888	66.1
5036.729	26.123	165295	1824	76.2
2446.3589	6.532	164325	888	60
777.1199	39.206	164242	2933	91.4
5938.0371	37.509	163928	2694	63.1
4496.619	30.587	162975	2147	52
2570.321	14.387	162051	1175	60.6
2089.3409	38.024	161777	2770	68.7
4298.6676	32.974	160805	2336	82
1480.7619	37.924	160794	2752	69.2
1482.1196	2.929	160058	734	74
4600.5545	28.024	159040	1955	78.1
1223.3439	29.869	158840	2101	100
2564.3162	19.775	157814	1455	73.3
5442.9056	39.537	157710	2981	59.9
3049.4124	23.756	157141	1649	99.5
1096.0553	1.127	156958	567	80
1942.3038	36.593	156923	2614	51.7
5999.9009	31.124	156781	2187	64.6
1990.3107	20.619	156472	1504	80
4288.5282	26.782	156300	1859	68.6
4480.6357	31.303	156125	2207	62.5
1262.18	1.093	156115	515	100
2444.3589	6.679	156010	899	87
1481.2631	37.871	155861	2745	80
3888.5171	25.456	155739	1788	62
3700.4336	24.68	155354	1705	100
3548.4188	20.328	155239	1489	100
5689.8395	32.982	155155	2337	61.1
1583.7846	32.39	154590	2298	53.3
5592.9499	35.143	154589	2475	41
6251.099	39.298	153868	2957	97.3
2139.1837	10.925	153182	1048	72.4
6286.0172	39.143	153147	2910	64.5
2757.9185	36.31	152994	2588	56.2
1037.1523	1.042	152885	456	67.3
4148.7933	40.85	152656	3094	83.1
2218.4186	26.429	152550	1838	74.4
3647.5007	20.53	152416	1500	33.7
2952.381	30.646	152143	2158	71.8
2917.3959	19.503	150786	1440	42.4
2633.8524	26.979	150136	1869	74.8
1001.1688	3.618	150004	775	81.5
3509.5408	27.114	149772	1876	49.6
3230.2043	37.879	149463	2749	72.7
5139.7221	33.652	149367	2364	67.9
2533.5127	26.967	148912	1866	76.6
5483.6669	30.843	148752	2170	77.7
2371.3644	15.998	148675	1239	95.9
5655.8259	29.851	148194	2100	69.6
1421.5451	29.705	147904	2070	63.8
5118.7546	35.542	147421	2517	42.7
913.2078	25.262	147199	1764	99.8
5655.8134	29.935	147032	2110	60
3856.5357	29.651	146863	2056	85.4
2219.4629	29.911	146573	2105	41.5
3463.5041	17.797	146568	1319	60
783.501	38.139	146309	2786	58.2
3206.4382	20.542	146142	1501	70.4
2836.0009	38.337	145937	2801	60
2817.3761	14.271	145453	1171	82
2876.3523	16.143	145084	1245	100
6243.0587	40.169	144781	3025	30.8
3050.4719	38.977	144438	2885	49.9
7138.9921	38.881	143833	2870	55.4
3162.4319	23.434	143762	1634	70.8
4249.5587	22.672	143592	1602	83.2
3068.5417	16.713	143440	1276	100
4538.6071	27.276	143437	1896	72.8
3232.9852	38.031	142969	2772	68.3
738.0014	1.39	142967	688	56.7
3394.4605	25.197	142440	1761	80.3
4410.659	25.434	141936	1785	56.1
2564.4812	27.737	141590	1926	73
1549.7438	39.427	141383	2966	59.7
1662.2355	7.239	141367	934	69.7
1001.1685	5.294	140868	844	87
883.6051	7.045	140842	916	73.6
5139.7074	29.813	140376	2089	60
2240.3281	13.513	140331	1133	66.4
2742.5225	28.858	140067	2012	45.3
3197.6207	32.409	139610	2301	74.9
1656.2354	9.169	139513	982	37.7
5348.7523	27.808	139297	1936	78
936.1983	1.624	139209	709	70.7
705.3354	35.538	139006	2516	68.3
5283.8136	35.387	138795	2500	97.7
1980.3101	15.914	138735	1235	68.1
5943.7518	34.465	138620	2419	48.9
4922.6298	29.573	138595	2049	68.5
2989.4021	15.276	138526	1212	83.9
2721.3611	20.735	138390	1516	60
1074.1066	1.568	137810	706	66.1
6151.8745	36.772	137116	2634	37.8
1046.1067	1.075	137049	489	80
2290.3294	15.837	136334	1232	94.1
1410.1602	1.094	136199	518	100
4662.5328	28.946	135811	2018	73.7
4151.5801	30.634	135791	2153	57.3
3279.4937	25.303	135614	1770	71.5
5965.0029	37.857	135613	2743	80
4830.8165	35.994	135548	2564	79.6
2050.6228	36.758	135534	2629	74.8
5494.823	35.27	135491	2489	65.5
1497.363	19.047	135431	1418	70.1
3222.4292	20.434	135242	1493	95.2
3701.5319	27.425	134928	1909	84.1
3048.9666	39.048	134687	2894	48.1
1966.2351	7.208	134619	929	100
3135.4941	39.794	134517	3003	51.5
3332.4872	24.1	134189	1667	86.9
6466.9654	38.016	133595	2768	41.6
3856.5303	23.515	133527	1637	52.3
6176.936	40.245	132855	3030	52.6
2914.4253	19.23	132815	1425	48.8
4562.667	40.805	132433	3092	64
5944.025	37.846	132373	2740	74.5
1333.1832	3.559	132268	768	59.6
5118.8601	37.618	132210	2711	66.1
1366.1969	1.278	132188	665	48.4
2530.368	24.808	131712	1716	55.7
2048.335	39.006	131498	2892	35.4
3222.4119	18.419	130976	1353	72.4
2533.5118	26.485	130971	1844	67.2
985.0984	8.536	130890	963	99.4
1913.2571	6.435	130635	879	84.1
4774.81	37.849	130487	2741	86
722.1188	1.173	130114	613	91.6
4187.6332	33.738	129829	2369	64.3
1913.2624	5.863	129816	863	71.4
4838.7303	33.867	129790	2377	59.1
3646.4997	20.523	129469	1498	53.7
778.045	1.12	128833	555	99.3
5753.8948	39.369	128652	2964	58.2
5717.946	38.763	128323	2849	77.8
1890.4087	23.158	128048	1618	98.5
6297.9091	36.789	127841	2637	59.2
2049.3086	37.646	127575	2718	62.3
777.3689	39.215	127463	2939	100
5008.7757	36.064	127386	2570	36.5
2138.3328	3.373	127379	754	100
1922.4445	25.312	127374	1776	100
3461.4771	28.296	127365	1969	60
5714.9677	38.498	126077	2825	39.2
1621.1877	3.565	125977	769	69.6
7100.0128	38.411	125809	2812	58.7
1582.0709	1.155	125728	586	56.7
4778.8079	37.054	125383	2650	80
3134.5063	38.184	125331	2791	77.6
1811.1744	7.336	124957	942	71
4508.6796	32.22	124571	2282	60
5999.7798	32.003	124197	2259	48.1
1426.1265	1.127	124153	568	47.4
2612.3498	17.773	124025	1318	64
3872.5413	26.858	123809	1862	70.1
1916.3477	33.907	123601	2379	58.6
1299.3585	11.659	123179	1070	65.9
1946.9561	35.405	123081	2501	73.9
4924.6295	29.672	122915	2059	97.7
3101.5859	32.91	122892	2326	65.8
1882.2606	14.576	122561	1188	55.2
2201.3167	20.28	122556	1483	65.8
4248.556	22.66	122535	1601	49.1
2265.3192	12.229	122500	1086	43.4
4281.6923	29.832	122149	2096	93.2
3551.4974	23.435	121936	1635	51.4
692.1076	1.032	121835	445	74.9
1481.0127	37.929	121753	2753	68.4
1876.6157	18.409	121655	1350	71.1
706.1231	2.468	121083	722	100
2265.2802	12.645	120970	1094	77.9
2618.2919	12.96	120864	1111	100
5791.8706	36.867	120517	2643	37.4