2685.2836	6.593	9612100	1396	0.097	100
2379.259	6.043	8862830	1202	0.102	100
4289.5007	8.942	8348561	2375	0.117	100
2073.2354	5.369	8131266	958	0.115	100
3984.4601	8.709	6419872	2264	0.105	100
3014.3343	7.355	6218090	1681	0.099	100
3776.5516	7.745	5639286	1822	0.113	100
3102.4553	7.075	5583907	1576	0.101	100
6319.9004	9.466	5071775	2698	0.101	100
4410.6408	8.523	4702025	2175	0.095	100
7291.0047	10.155	4592742	3051	0.104	100
1767.2087	4.484	4522172	713	0.156	80
4962.6366	9.521	4164710	2724	0.111	100
3678.438	8.403	3957178	2093	0.141	95.9
6625.9344	9.421	3886827	2656	0.103	100
6014.8571	9.467	3847458	2699	0.109	100
4618.5517	9.346	3797284	2619	0.103	100
5579.6773	9.748	3781679	2858	0.118	100
1438.1575	3.239	3687690	419	0.1	100
5923.7405	9.942	3582579	2960	0.11	80
5669.8132	9.367	3460375	2640	0.106	100
4715.6824	8.605	3186423	2203	0.09	100
6945.9752	10.044	3121664	2998	0.101	100
5271.6374	9.631	3108073	2802	0.1	100
5020.7226	8.757	3107178	2290	0.099	100
6648.9464	9.893	3092250	2935	0.104	100
2773.4042	6.085	3053673	1216	0.092	100
3373.3964	8.12	2974994	1967	0.089	100
4739.6917	9.123	2963739	2458	0.096	100
7287.9501	10.6	2830296	3232	0.128	80
7942.08	10.277	2816587	3111	0.114	99.2
6269.7714	10.091	2753572	3025	0.108	100
4105.6016	8.447	2679354	2121	0.103	100
6613.8573	10.232	2661451	3082	0.11	80
3447.5006	6.972	2592380	1541	0.095	100
2138.3286	3.114	2576066	374	0.086	100
9925.3349	11.871	2494820	3920	0.142	80
7963.0075	10.91	2445671	3358	0.127	80
373.9594	0.786	2371609	1	0.284	64.3
6343.9049	9.9	2309111	2942	0.108	100
7275.0127	10.396	2267279	3163	0.117	80
3431.5054	7.91	2247902	1886	0.091	100
2444.3519	4.324	2173800	667	0.096	100
5998.8627	9.818	2160204	2895	0.11	100
4081.5924	7.715	2158308	1807	0.087	100
8267.0529	11.141	2101412	3519	0.142	80
2467.3789	4.806	2083726	796	0.093	100
5044.7319	9.175	2073512	2498	0.098	100
9250.171	11.738	2073302	3869	0.146	80
1093.1105	1.8	2062278	129	0.206	80
4327.45	8.941	2023157	2371	0.114	100
8248.106	10.346	1997592	3146	0.112	80
5326.7454	9.068	1988428	2439	0.092	100
8271.1067	10.603	1920966	3236	0.115	80
5349.7949	9.288	1906782	2565	0.093	80
6268.7805	10.089	1832353	3017	0.107	80
7943.057	10.275	1813766	3109	0.131	99.9
7620.0765	10.498	1762814	3204	0.11	85.4
10212.3857	11.075	1716807	3480	0.122	91.1
8376.2951	10.827	1710863	3327	0.116	80
1832.3043	2.303	1710086	190	0.148	100
8577.2011	10.66	1709835	3267	0.124	80
6943.865	10.468	1708708	3190	0.119	91.3
2773.4034	5.685	1696734	1063	0.094	100
2707.2627	6.595	1682892	1404	0.098	100
1527.2644	1.972	1655712	152	0.158	100
8872.2537	11.042	1654242	3438	0.103	80
6942.9055	10.469	1614314	3191	0.107	80
7926.1455	10.423	1562423	3173	0.122	80
2161.3551	3.798	1544446	544	0.119	100
10250.8611	11.994	1542544	3968	0.177	80
2095.2143	5.37	1535957	960	0.117	100
6614.8124	10.232	1506355	3084	0.104	89.4
9691.0068	11.728	1504638	3857	0.137	80
4311.4833	8.942	1504443	2376	0.111	100
4617.5626	9.344	1504098	2610	0.112	100
2401.2383	6.042	1468242	1201	0.096	100
4022.4069	8.709	1457722	2260	0.099	100
9580.2455	11.864	1450228	3906	0.143	80
4410.6436	8.4	1439713	2090	0.117	85.1
8946.1664	11.727	1364582	3855	0.134	80
3373.3948	7.99	1345351	1915	0.096	100
1856.3153	3.218	1266301	408	0.098	100
9250.3655	11.732	1230994	3864	0.126	80
6954.1339	9.836	1205407	2907	0.119	80
6954.9754	9.838	1201050	2910	0.099	80.3
9580.5555	11.869	1197512	3914	0.142	80
1206.2286	2.926	1172115	266	0.075	100
1640.1925	3.387	1166654	470	0.155	80
8143.1436	11.673	1160149	3820	0.162	80
4656.5119	9.346	1139431	2617	0.107	100
2875.4124	8.608	1126672	2208	0.104	100
8268.0027	11.143	1087860	3521	0.135	80
1945.2359	4.254	1073738	637	0.163	80
8567.1414	11.281	1068366	3570	0.105	80
9251.2074	11.743	1059830	3879	0.132	80
5001.5623	9.524	1048728	2729	0.113	90.8
8285.5443	10.091	1042998	3026	0.117	80
8568.1661	11.281	1036837	3572	0.11	80
9177.4492	10.832	1026320	3332	0.128	80
4006.4409	8.709	1026226	2261	0.095	100
3036.3137	7.355	1022950	1682	0.108	100
877.1786	1.27	1022495	117	0.092	100
5538.6799	9.719	1016208	2839	0.154	80
2723.2286	6.595	994723	1403	0.106	100
5309.5942	9.631	984798	2799	0.106	100
1789.1886	4.487	977353	717	0.157	100
4253.5495	8.576	964805	2184	0.12	95.8
8306.0811	11.139	953916	3515	0.143	78
3919.456	8.477	949433	2148	0.101	100
2672.3697	6.546	948266	1383	0.144	87.4
5617.623	9.749	926861	2861	0.098	95.2
5655.7967	9.545	914935	2745	0.094	100
9520.8608	11.993	914628	3964	0.17	79.2
2417.2047	6.044	899740	1204	0.11	100
3676.3711	8.396	897961	2086	0.101	80.6
2908.3738	7.226	893775	1633	0.11	99.6
7326.871	10.606	891440	3239	0.122	80
3216.4137	7.523	889758	1741	0.105	100
748.0684	1.039	883929	48	0.096	100
8898.2039	11.55	881534	3746	0.108	80
8896.1598	11.55	875226	3744	0.147	80
7498.3074	10.347	867825	3147	0.116	80
9581.2427	11.863	865102	3905	0.132	80
2621.2644	6.192	864864	1263	0.097	100
3549.4505	6.935	859650	1522	0.14	100
3792.5436	7.578	859626	1757	0.106	100
7617.9417	10.826	852001	3325	0.112	80
9223.6475	11.284	842182	3576	0.105	80
9425.8436	11.69	840469	3830	0.115	80
7597.0179	10.095	839950	3028	0.1	80
2111.1808	5.37	838595	961	0.113	100
4962.546	9.526	837591	2733	0.101	80
2234.2767	5.948	831542	1167	0.142	100
2201.3145	7.966	830954	1906	0.087	100
3931.5336	8.198	830666	2014	0.154	100
8473.1988	11.943	829791	3934	0.184	56.2
2570.3119	6.356	827226	1311	0.142	94
1511.2689	2.572	819385	235	0.083	100
1294.1617	2.945	818534	286	0.089	100
2334.3524	7.863	815321	1869	0.121	100
1623.2143	4.693	809730	766	0.121	100
2265.2775	5.781	805867	1114	0.134	100
7831.4868	11.712	803153	3844	0.179	73.5
3549.5066	8.175	796271	2001	0.119	80
8642.1593	11.551	793867	3748	0.126	79.5
1882.2579	6.343	791029	1301	0.127	100
2010.1991	4.947	788898	841	0.135	100
10228.3852	11.064	786922	3459	0.163	60.9
4985.5845	9.524	786026	2731	0.107	100
2977.4056	6.33	782907	1292	0.111	100
6307.7216	10.089	782611	3018	0.106	80
7288.9012	10.601	779104	3234	0.096	80
9536.4266	10.778	770641	3303	0.125	80
9201.2581	11.313	769527	3609	0.113	80
5578.6805	9.749	768580	2859	0.107	80
1959.2473	5.318	763835	947	0.146	87.5
9602.2682	11.857	762417	3898	0.153	55.8
6242.7886	10.317	762260	3129	0.106	80
362.1324	9.587	753799	2767	0.128	100
2977.4055	6.985	752963	1544	0.124	100
9288.224	11.735	750638	3867	0.181	77.4
10253.6732	11.99	750623	3956	0.138	80
2836.3887	8.884	749934	2352	0.113	100
1622.2285	5.872	747066	1131	0.095	100
7621.0508	10.497	746533	3202	0.102	100
7808.2061	11.668	743712	3814	0.203	75
4248.5099	8.964	742405	2383	0.098	100
7980.0006	10.277	741468	3112	0.126	71
2283.2947	5.896	737601	1140	0.231	80
3296.4606	7.422	728511	1702	0.124	100
10276.3002	11.993	726276	3965	0.14	54.7
1460.1364	3.24	720305	422	0.101	100
2297.3102	6.08	719748	1214	0.124	80
7959.0613	10.265	715638	3102	0.116	72.8
4214.5406	8.477	713958	2149	0.171	94.1
8272.135	10.605	712934	3237	0.102	80
3244.4037	6.525	712633	1374	0.148	80
10211.3522	11.073	709961	3474	0.129	80
2352.3268	5.219	706094	910	0.168	80
4426.6381	8.422	705987	2110	0.136	100
7595.9451	10.085	705622	3014	0.137	80
9619.1248	11.869	703895	3910	0.148	59.8
3628.4769	7.296	697838	1664	0.127	100
3602.4864	7.741	696589	1814	0.096	100
2875.3537	6.456	694762	1353	0.101	100
1182.2225	1.099	693256	87	0.07	100
9962.2765	11.872	691353	3921	0.143	73.5
5924.7327	9.944	689750	2962	0.086	100
4577.5558	9.292	675040	2570	0.092	92.7
3861.5174	7.965	674327	1904	0.145	80
2609.3337	5.912	672079	1143	0.117	100
3052.2809	7.352	666661	1676	0.102	100
2915.3611	6.914	665457	1515	0.104	100
9947.3605	11.87	662161	3915	0.145	62.2
3124.437	7.076	662009	1577	0.102	100
6981.8378	10.464	660900	3183	0.109	80
6607.9494	11.052	654160	3445	0.174	72.9
5854.2928	11.033	653711	3426	0.137	80
2290.2834	5.223	652688	913	0.146	100
2915.4189	7.243	648091	1639	0.175	81.2
9943.1325	11.862	644663	3903	0.165	73
3013.3453	7.245	644538	1642	0.135	100
2929.3742	6.705	631496	1440	0.156	80
3510.4837	9.35	626722	2623	0.09	100
4888.6299	9.042	623915	2421	0.126	81.4
3614.4194	8.157	621435	1993	0.13	96.7
4837.6867	10.715	620757	3283	0.127	80
6651.8789	10.239	619073	3088	0.123	80
2642.356	6.651	613349	1421	0.095	100
1928.2525	5.381	608528	973	0.124	100
5230.6483	9.606	607127	2787	0.097	100
3628.4801	7.496	604230	1728	0.104	100
2055.2204	4.816	603531	803	0.109	100
2898.3771	6.261	600243	1277	0.116	100
1625.1479	3.499	596451	494	0.12	100
1247.1827	4.702	596125	773	0.099	100
5510.8163	11.034	595071	3427	0.179	80
3307.4392	7.479	594790	1711	0.089	100
2645.2769	6.529	592209	1376	0.11	100
2950.3182	6.994	585812	1546	0.092	100
1278.1678	2.983	584544	330	0.084	100
2546.36	7.996	583632	1923	0.087	100
1929.2451	5.38	583047	972	0.144	100
1611.2127	3.216	581304	405	0.102	100
2378.2714	5.927	573318	1151	0.086	100
9507.2765	11.082	572956	3486	0.132	80
3180.4486	8.472	572311	2145	0.083	100
5580.6728	9.749	571585	2860	0.113	100
1943.2554	4.394	567143	682	0.16	80
2287.3084	5.722	567012	1077	0.132	100
3858.5673	10.229	564915	3076	0.084	100
9882.4932	10.837	564822	3335	0.142	76.4
4640.542	9.346	563382	2618	0.104	100
6357.8354	9.47	559782	2706	0.111	68.6
2117.1951	5.371	558815	967	0.122	100
934.1216	1.068	551042	67	0.091	100
8500.3784	11.732	550237	3863	0.154	69.9
7165.9812	10.519	549951	3206	0.108	80
3118.4438	6.673	549325	1429	0.129	95.7
1438.1564	3.079	542771	355	0.069	100
2315.2398	5.543	540948	1027	0.157	100
6834.8567	11.405	540346	3660	0.163	62.8
2654.4032	7.621	535120	1770	0.197	100
6854.9741	11.172	533821	3530	0.139	70.5
1021.1598	2.962	533245	305	0.081	100
3798.5326	7.742	532210	1817	0.102	100
1998.2804	4.907	530796	824	0.14	100
4276.4956	8.579	528704	2189	0.131	100
1970.1939	4.769	527833	786	0.139	80
9963.307	11.871	526923	3916	0.124	67.8
5224.6738	9.304	526662	2586	0.13	80
9537.4041	10.776	525597	3302	0.148	80
4846.6299	9.145	524378	2473	0.176	80
6335.0213	11.219	523706	3550	0.151	70.9
1805.1553	4.492	523109	721	0.161	98.7
1476.1036	3.24	522748	421	0.094	100
3678.4308	8.495	521966	2163	0.091	87
1334.1676	2.938	520914	278	0.071	100
363.0607	0.841	517524	6	0.121	100
9618.2009	11.866	514931	3908	0.124	68
5963.6659	9.946	514168	2966	0.117	100
3322.4552	6.847	513993	1486	0.177	79
2729.2445	6.596	513313	1406	0.104	100
988.1371	2.007	511915	155	0.092	100
1317.1877	5.237	509904	921	0.107	100
1599.2013	3.314	508918	448	0.095	100
1968.2596	5.042	505224	866	0.122	100
7328.9404	10.151	503138	3047	0.147	80
2570.3123	5.934	501136	1156	0.088	100
8983.083	11.725	500926	3853	0.127	80
4018.5928	9.019	500533	2405	0.147	80
3532.4694	7.32	499827	1671	0.134	83.6
2999.4552	7.857	499136	1860	0.158	80
3524.4505	7.821	498652	1852	0.149	96
2561.3604	5.418	495884	978	0.134	98.3
2612.347	6.913	492499	1513	0.121	100
4236.5318	8.452	489711	2130	0.15	80
2296.3225	7.253	488586	1648	0.148	89.3
2423.2195	6.041	487714	1200	0.102	100
4599.5829	8.415	486789	2108	0.133	80
5653.8029	10.342	484769	3144	0.106	78.9
1623.215	3.915	484522	564	0.126	100
2507.3382	7.323	482439	1672	0.084	100
1927.2679	3.569	482202	510	0.148	100
3206.4286	7.603	480471	1762	0.132	100
6621.9859	11.014	478776	3396	0.164	58.3
1955.2312	4.775	477724	790	0.117	100
2264.2873	5.51	474502	1007	0.12	80
1382.201	2.938	473225	277	0.079	100
2977.4103	6.605	472962	1409	0.127	100
6858.133	10.446	472898	3180	0.105	80
2251.2588	5.01	472210	850	0.147	100
3559.4501	8.02	471833	1932	0.183	91.3
2912.4027	7.864	471712	1870	0.081	100
10250.3222	11.063	470501	3458	0.135	62.1
7626.1323	11.74	469870	3871	0.14	61.6
4979.7102	9.452	469549	2682	0.182	60.5
1646.2396	5.723	468438	1079	0.089	100
3181.4341	8.866	468335	2341	0.094	100
9178.2079	10.821	468323	3318	0.097	80
2869.3529	7.738	467277	1812	0.111	100
3700.4187	8.407	465689	2098	0.15	92
3885.4838	7.743	465338	1818	0.101	100
6030.8318	9.445	464848	2680	0.113	80
2507.3383	7.956	464339	1900	0.116	100
3283.4289	6.753	464175	1461	0.128	99.4
3235.4541	6.825	462866	1483	0.103	100
2602.3488	6.855	461884	1490	0.11	96.8
8983.3057	11.723	461138	3849	0.14	60.3
2585.3702	6.362	460499	1316	0.182	78.7
2343.3266	5.678	459726	1057	0.128	100
959.1114	2.939	459460	280	0.076	100
8821.1361	11.133	458285	3510	0.145	60
5859.7446	9.659	454192	2821	0.168	80
2201.3145	6.87	453799	1500	0.122	100
8779.2015	11.897	453697	3928	0.175	77.1
2248.2939	5.19	451945	896	0.166	80
6546.9187	11.233	451447	3558	0.111	79.9
5268.5881	9.625	451390	2794	0.098	80
3856.5136	8.261	451330	2028	0.154	86.8
5944.7868	9.931	451176	2956	0.132	80
3246.4364	7.92	450969	1890	0.088	100
2563.3267	6.812	450948	1473	0.112	100
4535.6142	8.727	450044	2274	0.121	80
9497.3405	11.583	449661	3783	0.145	65
5472.758	11.116	449140	3504	0.146	80
4825.6426	10.163	448122	3057	0.117	80
10291.202	11.991	442957	3961	0.13	62.4
2257.3036	6.373	442831	1329	0.142	80
4598.5874	8.856	440518	2335	0.129	87
4163.6093	10.136	440387	3042	0.139	92.9
9289.154	11.74	437725	3873	0.124	68.5
3716.3841	8.407	436825	2100	0.136	82.9
6565.7611	9.924	435618	2955	0.107	77.3
8294.0672	10.602	435258	3235	0.118	47.9
1320.1087	2.6	433335	246	0.146	100
7603.3622	11.486	433216	3699	0.137	79.8
4674.6728	9.584	432866	2765	0.153	74.1
7654.877	10.826	432660	3326	0.126	78.1
4671.6713	9.269	432349	2544	0.121	80
5182.7089	10.661	429858	3269	0.115	80
7163.1379	11.224	428929	3553	0.143	68.2
2596.3107	5.754	428494	1095	0.099	100
1653.2338	4	428032	579	0.169	100
5270.6317	9.631	426272	2801	0.098	80
7143.9241	9.89	426108	2929	0.142	60
2553.3324	5.751	425442	1093	0.132	100
7797.4596	11.497	425420	3710	0.153	60
692.1094	1.256	424752	114	0.173	100
629.0816	0.969	424067	16	0.075	100
8751.018	11.983	422118	3950	0.178	53.3
1343.1824	2.965	421079	311	0.112	100
1308.1874	3.062	421001	347	0.095	100
7495.1508	10.761	420621	3295	0.125	80
5284.7894	9.749	418783	2862	0.114	80
2160.3094	3.116	418247	380	0.08	100
6635.7428	10.232	418064	3081	0.137	74
4121.5987	8.308	417478	2036	0.09	100
3395.3788	8.12	417354	1966	0.087	100
7659.0006	10.497	416168	3201	0.107	61.9
2072.246	5.262	416105	936	0.149	78.8
4432.6247	8.52	414080	2173	0.108	80
2007.2807	5.439	413530	985	0.086	100
5989.8907	11.066	412916	3464	0.106	58
9867.3132	11.031	412897	3422	0.11	79.7
9866.3028	11.03	412887	3420	0.136	65.7
9511.3348	9.043	412668	2423	0.118	80
6145.9859	11.373	412576	3635	0.131	65.8
2256.3202	5.446	412189	988	0.111	100
4508.6461	10.188	410817	3064	0.1	80
4199.5639	8.361	410092	2073	0.106	96.4
8141.1347	11.671	408396	3817	0.162	64.4
3197.4293	8.202	407693	2016	0.15	88.9
2939.3721	6.095	407149	1228	0.109	100
989.1215	1.887	407114	139	0.106	100
4905.6183	8.614	404754	2213	0.191	78.5
5599.7058	9.754	404679	2870	0.119	80
3283.4326	7.052	404543	1562	0.112	93.3
2325.351	6.722	404444	1448	0.13	100
2658.3507	5.774	404423	1111	0.109	100
3625.4009	8.034	402896	1937	0.104	100
3612.4807	7.83	401351	1853	0.097	100
8926.0452	11.57	400421	3767	0.15	60
3947.5236	8.316	399991	2042	0.118	96.7
3814.5467	9.251	399356	2534	0.137	80
4857.6146	8.659	398651	2248	0.098	80.1
8969.4002	11.732	398607	3865	0.176	44.2
8446.4806	11.696	397988	3833	0.18	59.7
3214.4031	7.859	397599	1864	0.112	100
6452.7902	9.714	397271	2838	0.163	58.6
1131.0575	1.799	394733	128	0.211	100
8000.9803	10.911	394714	3360	0.119	73.4
3564.4715	7.465	394516	1707	0.141	79.8
1265.1365	3.54	394177	508	0.104	100
3017.4095	7.096	392907	1592	0.099	100
3869.5052	8.196	392864	2013	0.106	97.9
2867.3849	5.542	390449	1026	0.129	97.4
2339.2507	6.013	389148	1187	0.122	91.5
9266.624	11.73	387047	3862	0.159	50.9
1610.182	4.224	385982	629	0.095	100
2564.3129	7.37	385398	1687	0.095	100
1326.1993	3.329	384501	454	0.146	82.9
1872.2631	6.76	384467	1467	0.082	100
6965.8481	10.468	383676	3187	0.119	60
975.1134	1.096	381716	84	0.107	100
6335.8795	9.691	380671	2832	0.1	80
4504.573	9.022	379733	2408	0.116	80
10047.3676	11.066	377151	3463	0.152	40.6
366.127	11.425	376648	3663	0.123	100
2264.287	5.238	376554	925	0.094	100
2530.363	8.668	375977	2251	0.09	100
1115.0885	1.804	374672	132	0.216	100
2671.3798	5.938	374604	1162	0.119	100
6185.8351	11.302	374080	3592	0.127	60
2795.3858	6.089	373179	1217	0.094	100
4972.7139	10.078	372907	3013	0.105	100
4206.5675	8.223	371993	2021	0.106	100
4282.6343	9.902	371865	2944	0.085	100
5601.66	9.751	371549	2866	0.099	100
3855.4751	7.25	371528	1647	0.114	96.1
3259.4899	7.469	370612	1709	0.137	80
6201.8888	11.09	370302	3488	0.142	80
3699.4697	8.405	369226	2095	0.149	69.2
669.089	0.988	368882	25	0.111	80
4621.5938	9.571	368649	2755	0.143	77.7
1811.1701	4.488	367927	718	0.151	100
1639.2078	3.741	367221	532	0.128	100
3909.499	8.134	367036	1976	0.109	88.3
3659.458	8.05	366964	1939	0.131	80
1981.2892	5.109	366501	881	0.105	100
1662.2346	4.537	365387	729	0.128	100
4582.602	8.801	364870	2313	0.101	100
1951.2788	5.602	363332	1049	0.091	100
7307.1058	10.59	362948	3224	0.131	63.4
5625.7956	10.241	362626	3090	0.108	80
4737.6744	8.606	362577	2204	0.092	99.2
4448.5931	8.513	361773	2170	0.132	80
2974.3272	7.281	361111	1660	0.11	100
4290.5022	8.751	361090	2287	0.125	74.6
3997.5727	8.461	358663	2133	0.11	98.7
2233.2928	3.785	357261	537	0.148	100
1331.7021	8.451	356903	2128	0.081	100
2005.3046	7.157	356146	1609	0.097	100
2366.3419	5.952	355749	1172	0.084	100
9498.2333	11.577	355275	3775	0.131	67.4
3283.4334	7.392	355186	1694	0.1	100
9361.3194	11.067	354373	3466	0.123	76.4
1962.2604	5.783	354017	1117	0.104	97
3870.5115	7.521	353943	1739	0.152	80
4944.6484	9.345	353316	2614	0.106	80
2648.3646	5.759	353183	1101	0.112	100
3603.4675	7.923	352784	1893	0.109	99.7
486.0703	4.143	352586	608	0.103	100
3372.4182	7.997	352302	1924	0.083	80
7984.965	10.909	352174	3356	0.137	55.8
5948.6842	9.742	352123	2854	0.123	70.8
1293.1773	3.411	352105	478	0.105	100
1294.1611	3.03	351752	337	0.082	69.6
2954.3882	6.327	351667	1290	0.113	100
6127.7161	9.74	350973	2850	0.177	63.6
6458.7121	11.507	350045	3722	0.154	73.2
3776.5489	7.464	350013	1706	0.125	99.5
7133.9838	11.564	349754	3757	0.148	47.1
1420.1461	2.376	349406	199	0.114	100
2290.3252	6.523	349287	1371	0.09	100
6432.839	9.907	348825	2946	0.16	59.8
2243.2888	6.435	348595	1352	0.122	100
4811.6266	8.635	348581	2234	0.155	80
9042.9351	11.137	347579	3513	0.143	60
2890.4104	6.329	346449	1291	0.097	100
5143.7347	10.642	346313	3257	0.121	74.4
997.1513	1.179	345625	105	0.133	100
4254.5414	8.178	345346	2002	0.12	100
2901.3883	7.48	344821	1714	0.102	100
653.0895	1.09	344568	81	0.104	100
4502.4954	8.609	344293	2210	0.157	80
2489.3604	4.807	344293	799	0.093	100
3894.5339	8.338	343159	2056	0.142	78.3
2948.3817	7.29	342812	1662	0.188	78.5
9150.4024	11.708	341484	3843	0.161	52.4
9909.1474	11.317	341231	3616	0.111	73.8
1194.1452	2.933	340914	271	0.122	100
2361.2452	5.536	340681	1018	0.077	100
3485.4888	8.784	340672	2310	0.079	100
5293.6228	9.633	340661	2803	0.089	88.2
1399.1336	3.296	340242	441	0.106	100
3254.4087	7.712	339939	1799	0.119	100
4270.5571	8.615	338117	2215	0.145	80
2852.3839	7.794	337752	1840	0.085	100
7491.0047	11.465	336900	3683	0.156	63.1
2938.3837	6.912	336889	1512	0.094	100
3447.4972	7.539	335931	1744	0.086	97.9
2466.3334	4.324	335836	670	0.091	100
1576.2343	5.895	335802	1138	0.104	99.5
4489.5597	8.064	335698	1948	0.147	80
2596.3502	7.066	335371	1569	0.081	100
3235.4026	6.956	335254	1528	0.082	100
972.1418	2.172	335138	175	0.137	98.5
1320.1475	2.224	335015	179	0.132	100
5309.8312	10.223	335013	3070	0.171	77.5
4182.5313	7.874	334446	1878	0.171	80
6290.8185	10.087	334257	3016	0.133	70.3
2303.3187	5.039	334016	863	0.126	96
3463.4978	6.763	333091	1469	0.099	100
671.074	6.493	332957	1364	0.094	80
9921.2437	10.834	332949	3334	0.113	60
1749.1976	3.911	332548	563	0.131	100
3715.4554	8.39	332457	2084	0.101	80
7598.0377	10.094	332166	3027	0.069	100
7157.005	11.51	331182	3727	0.158	60
3602.4976	8.579	331138	2188	0.085	100
1000.1473	2.529	330454	216	0.119	100
1649.2042	3.817	330452	550	0.131	100
2007.2807	4.65	329590	754	0.119	93.6
8475.175	11.941	329475	3933	0.223	68.1
2583.3538	6.589	328001	1391	0.086	100
3001.4173	7.028	327942	1559	0.082	100
4161.5531	8.466	327242	2137	0.118	80
1333.1829	3.207	327208	396	0.106	100
9071.2085	11.701	326352	3840	0.151	59
1622.2283	2.952	325560	296	0.078	100
4237.56	8.451	325008	2127	0.111	100
5819.7066	9.587	322271	2768	0.15	60
1662.2326	4.235	322065	631	0.14	100
9964.2589	11.869	321485	3912	0.149	60.4
4558.6867	8.767	321293	2303	0.139	80
5036.7069	8.68	320917	2253	0.092	96.6
5292.7107	9.63	320911	2798	0.104	80
1989.3064	7.774	320557	1830	0.08	100
2275.3146	6.164	319869	1253	0.089	100
3372.4098	8.09	319430	1951	0.107	80
2632.3528	6.406	319360	1345	0.138	100
3411.3426	8.118	318743	1965	0.091	100
1704.175	4.097	318531	599	0.15	100
708.1084	0.998	317363	30	0.071	100
3608.5336	9.43	317272	2666	0.094	100
3272.3544	7.583	316725	1759	0.138	80
5460.7134	9.301	316642	2584	0.106	75.1
5553.7204	9.572	315416	2757	0.158	67.3
6810.0177	11.462	315167	3680	0.137	80
6992.9368	9.836	314880	2908	0.152	56
8244.9373	10.75	314479	3292	0.101	69.6
2609.3426	5.718	314375	1073	0.1	100
1593.2023	5.239	312698	926	0.134	80
1854.2852	2.305	312108	191	0.158	100
4000.5708	8.412	311858	2105	0.165	79.6
3541.4908	6.854	311654	1489	0.078	99.7
6005.1319	11.014	311326	3398	0.161	60
7464.9579	10.235	311145	3087	0.188	41.2
1037.1545	2.117	310988	164	0.111	100
4135.5692	9.781	310755	2886	0.087	100
1622.2284	3.673	310723	524	0.172	80
419.9573	0.944	310450	13	0.353	50.9
2540.3033	6.541	309919	1382	0.093	100
2685.2858	6.211	309877	1267	0.107	82.1
5603.6436	9.556	309404	2750	0.102	67.8
4480.614	9.993	306126	2977	0.103	79.9
5962.6922	9.947	306124	2967	0.101	80
6836.91	11.396	305561	3657	0.153	57.9
8249.1051	10.345	305527	3145	0.07	80
3855.5143	8.467	305247	2140	0.092	80
4296.6424	10.402	304917	3168	0.085	80.2
1919.2526	3.968	304653	570	0.098	100
3563.4684	7.925	304621	1894	0.125	97.7
1656.2362	5.026	304384	859	0.118	100
3966.4549	8.396	303072	2087	0.101	100
2604.3656	7.564	302896	1749	0.082	100
6291.7512	10.09	302842	3022	0.097	80
8171.0934	10.983	302599	3381	0.146	68.1
2326.3347	5.415	302588	977	0.105	100
4627.644	9.949	302019	2970	0.091	80
6551.8422	10.375	301672	3157	0.112	74.6
1014.1201	1.169	301383	102	0.125	80
4650.676	9.24	301328	2525	0.129	80
4363.6362	9.296	301124	2578	0.116	80
2047.2862	4.548	301112	734	0.095	100
8459.2111	11.724	300527	3851	0.177	57.6
1304.1591	3.156	300031	387	0.103	100
4496.6167	9.815	299726	2893	0.106	80.9
3970.4614	8.352	298906	2065	0.131	80
7296.1043	11.584	298451	3784	0.111	64.6
4333.4684	8.943	298222	2379	0.108	100
3058.2948	7.356	298118	1683	0.115	100
3187.4232	6.961	298093	1530	0.13	84.2
5683.7331	9.294	297430	2574	0.131	80
6652.7621	10.232	296392	3080	0.096	77.2
6359.8908	9.871	295338	2918	0.144	71
2908.3698	7.502	294526	1732	0.102	100
1819.2251	4.409	294330	689	0.116	100
4539.5814	8.994	293005	2393	0.151	80
8873.2265	11.044	292706	3442	0.095	78.7
7932.1244	11.647	292578	3796	0.165	60
3203.5437	9.181	292471	2503	0.123	80
7313.9857	10.154	292243	3050	0.081	79.7
5840.8243	11.3	291745	3588	0.116	60
6381.8508	9.898	291190	2939	0.111	60
706.1233	2.951	291118	292	0.111	100
6147.0095	11.369	290601	3634	0.139	63.9
2639.396	7.763	290544	1825	0.075	100
5113.7144	8.765	289740	2302	0.157	80
4173.633	8.057	288684	1941	0.133	80
4301.5967	8.417	288437	2109	0.109	80
1958.2634	4.291	287724	648	0.114	96
5982.9293	10.605	287201	3238	0.126	55.4
3204.4026	6.426	287106	1351	0.107	100
1585.1879	3.094	287030	363	0.155	100
1914.2382	5.234	286896	920	0.133	79.5
4134.5714	9.459	286665	2686	0.144	100
2073.233	5.046	286233	869	0.163	35.6
2593.3386	5.766	285740	1108	0.13	100
3227.4275	7.019	285029	1556	0.108	100
3878.5024	7.576	284680	1755	0.109	94.6
877.1831	1.009	284443	37	0.064	100
9004.8963	11.707	284353	3842	0.157	60
1317.1885	2.046	283694	158	0.132	100
3220.3996	7.007	283595	1549	0.099	100
5874.755	9.697	283429	2833	0.145	58.8
1613.2278	3.063	283013	348	0.071	100
1639.208	4.282	282977	646	0.1	100
4620.5579	9.346	282943	2616	0.107	100
5526.8541	9.483	282106	2715	0.131	67.3
3838.4962	7.415	281555	1700	0.126	96.5
1967.2164	4.256	281360	638	0.247	78.5
1263.1686	2.559	280858	229	0.129	100
3329.4948	8.47	280358	2142	0.105	100
3869.4936	7.774	279907	1829	0.105	100
2667.2703	6.134	279672	1234	0.071	100
6663.869	9.424	279535	2660	0.096	73.1
9868.354	11.036	279210	3430	0.106	60
9179.2278	10.824	279179	3321	0.124	80
653.086	1.884	278767	138	0.124	100
3934.4981	7.624	278726	1774	0.088	100
4979.711	9.822	278623	2900	0.091	98.7
6094.7948	9.769	278146	2878	0.173	76.9
2264.298	5.013	277936	851	0.147	100
1295.1452	2.325	277593	197	0.129	100
2183.336	3.799	277232	547	0.119	100
4505.6026	8.352	276190	2064	0.104	80
6664.8715	10.117	275494	3037	0.135	71.9
4924.6091	9.485	275263	2716	0.124	80
1594.1861	5.057	275103	872	0.125	80
4233.5471	8.829	274671	2319	0.167	80
4950.5902	9.241	273864	2527	0.114	70.4
2595.3665	6.751	273680	1460	0.093	100
3824.4884	7.498	273486	1729	0.097	100
8967.4121	11.728	273335	3856	0.127	56
4625.6952	10.674	273021	3274	0.102	82.5
3618.4874	8.028	272871	1934	0.119	82.3
7276.0228	10.398	272698	3166	0.068	80
8287.0233	10.334	272350	3142	0.104	80
4825.6319	9.24	272066	2526	0.126	77.2
1980.3054	6.619	272027	1413	0.108	100
8615.0502	10.675	271968	3275	0.142	60
5192.6693	9.44	271937	2676	0.151	60
3317.5117	9.818	271600	2898	0.096	100
5499.7508	10.581	270794	3223	0.127	58.2
487.0652	1.037	270152	45	0.14	75.1
6642.6447	10.26	269917	3097	0.15	73.9
5706.7527	9.359	269766	2632	0.121	80
3258.4155	6.981	269684	1542	0.132	80
4798.6855	10.612	269658	3243	0.097	69.9
2288.2997	5.153	268862	892	0.102	80
2983.4535	8.375	268364	2079	0.173	62.1
3344.4982	8.107	267237	1957	0.095	95.5
4490.5976	8.962	266545	2382	0.093	87.4
3564.505	7.512	266333	1737	0.111	96.5
3996.5653	8.131	266309	1973	0.132	99.2
4761.6791	9.119	266175	2453	0.09	100
1600.1877	3.167	265650	390	0.107	100
6313.9095	10.952	265303	3374	0.142	61.1
3461.4694	9.396	265301	2646	0.086	100
2632.3599	5.934	264861	1154	0.099	100
3611.4568	7.848	264676	1857	0.116	80
998.1337	2.466	264350	207	0.174	100
7824.2789	10.913	264305	3364	0.119	60.3
2133.1618	5.369	264121	959	0.12	100
10203.4917	11.223	264094	3552	0.134	54.5
6641.8667	9.46	263925	2687	0.154	61.4
4492.6669	10.718	263655	3286	0.109	80
4479.5639	8.094	263095	1954	0.103	80
4345.6165	8.973	262393	2387	0.124	72.1
3753.9749	11.45	262027	3675	0.167	60
1317.1881	4.589	261806	744	0.09	100
1911.2732	4.938	261795	834	0.139	100
8947.1732	11.728	261237	3858	0.079	80
2180.2684	4.538	261147	730	0.141	100
8310.106	10.609	260460	3241	0.129	41.3
10159.4049	11.791	260194	3883	0.167	60
1939.2426	5.312	259654	945	0.177	80
5365.7729	9.229	258944	2521	0.1	100
8606.1556	11.279	258720	3568	0.132	56.9
8776.1932	11.89	258069	3927	0.141	76.5
7811.0935	11.577	258034	3776	0.148	55.7
7613.0322	10.077	257554	3011	0.123	59.3
9884.602	10.843	257400	3341	0.116	61.1
5252.6673	9.435	257311	2672	0.102	80
3346.4778	7.802	257143	1842	0.1	100
8933.2283	11.544	257103	3742	0.142	60
2654.4089	7.857	257023	1859	0.104	80
3118.4476	6.393	256986	1340	0.08	100
2570.3169	6.092	256489	1226	0.098	81.2
3947.54	8.619	256372	2217	0.131	60
1905.2257	4.302	255986	652	0.092	100
8674.5289	11.696	255568	3834	0.119	60
4449.5789	8.14	255344	1981	0.085	100
2928.3991	7.147	254924	1604	0.104	100
6469.8403	10.817	254547	3315	0.208	35.9
1549.2443	1.97	254348	150	0.138	100
2789.3987	5.32	254304	949	0.075	100
5042.7089	8.762	254247	2297	0.092	100
2201.3135	7.649	254179	1784	0.088	100
6875.0525	11.49	254066	3706	0.145	57.2
1490.1743	2.488	253875	211	0.095	100
3355.3859	7.758	253742	1824	0.077	100
3274.4173	7.126	253429	1597	0.091	100
4778.6306	8.85	253184	2333	0.1	85.8
5186.691	9.103	253000	2447	0.149	60.7
5660.9502	10.853	252919	3344	0.161	60
1660.2554	6.464	252816	1357	0.08	100
4505.6029	8.879	252285	2350	0.094	67.9
4980.998	9.554	252269	2749	0.192	77.6
2901.3953	7.24	251885	1637	0.107	100
1326.1993	2.977	251799	319	0.075	100
2164.2721	5.341	251753	952	0.095	100
6983.244	10.054	251716	3003	0.108	80
2854.3642	6.273	251432	1280	0.08	100
6117.7847	10.225	251236	3072	0.135	60
7601.2029	11.514	251086	3731	0.125	60
3893.5523	8.058	250552	1943	0.089	90.2
5166.7333	11.068	250302	3467	0.13	78
2509.3161	6.089	250191	1218	0.112	100
3679.4403	8.492	249871	2162	0.097	87
3689.6265	8.467	249869	2139	0.126	100
2668.3017	6.662	249478	1422	0.13	78.8
3806.4948	9.65	249076	2818	0.092	83.8
8681.0588	11.691	249069	3831	0.115	58.4
2139.1757	5.37	248715	962	0.123	100
4175.5251	7.814	248279	1848	0.136	80
1265.1386	2.956	247997	301	0.071	100
5613.8251	10.132	247878	3040	0.11	80
6950.0056	11.202	247440	3543	0.119	63.2
2256.3186	6.176	247207	1255	0.098	100
2603.337	7.075	245250	1574	0.129	95
1482.1179	3.241	244695	426	0.094	100
7166.8937	10.519	244398	3205	0.103	80
1130.135	5.2	243926	903	0.095	100
2509.3167	5.674	243116	1054	0.095	100
1688.2255	3.386	242582	468	0.103	100
1622.2283	4.913	242022	829	0.114	100
2967.5297	8.325	241755	2047	0.099	80
1037.1542	1.839	241654	136	0.201	87.8
3146.4178	7.078	241116	1580	0.101	100
4808.6384	8.589	240774	2195	0.131	80
5656.7861	9.538	240417	2742	0.111	76.7
3309.3837	7.874	240259	1876	0.081	100
8605.023	11.282	240139	3574	0.108	78.9
5100.63	8.741	240101	2279	0.116	80
6642.9251	9.462	239979	2688	0.115	72.5
3851.5297	8.837	239899	2326	0.105	80
3814.4965	7.737	239400	1809	0.103	80.2
8829.2574	11.999	239068	3970	0.187	43.6
3196.4378	6.408	238734	1346	0.101	90.6
9096.3799	11.961	238234	3942	0.126	51.2
1984.2989	5.905	237599	1141	0.106	100
8238.1633	11.686	237445	3827	0.135	60
5060.7202	9.088	237242	2443	0.09	88
3580.4441	7.379	237214	1690	0.086	100
7197.992	11.192	236657	3541	0.16	59
1623.2127	4.513	236472	726	0.08	96.2
5476.7015	9.347	236442	2621	0.158	50.3
4785.7109	9.062	235531	2435	0.093	87
4520.6153	8.814	234186	2318	0.122	80
1936.2775	4.451	233427	703	0.124	100
443.0274	0.931	233231	11	0.099	100
4440.6134	9.685	231918	2828	0.115	80
4608.6232	8.678	231291	2252	0.121	98.6
1951.2795	6.823	230997	1479	0.084	100
3673.5457	8.747	230835	2285	0.114	100
572.1403	0.988	230778	24	0.071	100
6092.7842	9.738	230544	2847	0.156	49.4
2267.2984	6.342	230378	1300	0.112	100
2256.32	4.906	229921	821	0.094	100
2631.3126	5.926	229740	1148	0.115	100
1993.2689	5.375	229667	969	0.118	80
4918.8493	9.197	229634	2510	0.18	68.2
2795.3844	5.683	229537	1061	0.093	100
6342.7044	9.895	228860	2937	0.106	80
5348.7204	9.078	228294	2441	0.104	80
4980.7282	9.838	228190	2909	0.107	100
2348.3015	7.159	227552	1612	0.162	80
4903.6423	8.731	227472	2275	0.129	67.2
1662.1732	3.392	226939	473	0.153	80
7133.9699	10.077	226744	3012	0.125	59.7
3283.4305	6.618	226610	1412	0.118	74.4
1609.1981	4.574	226529	740	0.194	86.7
979.1424	1.037	226129	46	0.124	90.8
4970.7319	10.749	226027	3291	0.104	64.1
4151.5631	9.877	226018	2920	0.09	69.6
8290.0831	11.141	225993	3518	0.144	60
7296.1439	11.44	225618	3671	0.12	55.5
2688.3714	5.889	225599	1136	0.082	100
7807.0725	11.685	225077	3826	0.181	60
2444.3503	4.155	224995	617	0.098	100
6340.8909	9.468	224933	2705	0.131	62.2
4559.5727	8.454	224636	2132	0.104	78.5
2915.4593	6.135	224608	1237	0.089	100
3869.4894	7.502	223925	1733	0.113	80.5
4866.6383	9.091	223881	2444	0.158	100
3945.5368	8.885	223672	2353	0.091	80
10238.3635	11.991	223494	3960	0.194	51.5
4153.5396	8.329	223051	2053	0.109	80
1671.2446	4.564	223032	738	0.112	100
2685.2831	6.353	222553	1306	0.089	60
5090.7449	9.024	222338	2409	0.096	80
3828.5123	9.578	222166	2762	0.117	80
1669.2291	2.962	222115	306	0.135	100
6636.7676	10.228	221662	3075	0.106	80
1331.2052	5.494	221582	1001	0.087	100
7082.921	10.179	221177	3062	0.135	60
3469.4818	6.971	221102	1540	0.079	100
9310.1649	11.742	220541	3877	0.155	35
2636.3394	9.454	220014	2684	0.147	34.8
5946.7173	9.945	220003	2964	0.075	80
8117.2396	11.574	219824	3768	0.133	56.9
2706.3817	6.334	219755	1294	0.081	100
2629.3877	8.489	219721	2158	0.083	98.1
5933.8525	10.328	219699	3138	0.096	80
7824.9698	10.911	219022	3362	0.129	60
4291.5089	8.597	218869	2197	0.125	77.2
5958.844	10.27	218782	3103	0.142	60
6029.8509	9.438	218596	2675	0.109	80
6263.9822	10.38	218234	3158	0.125	60.9
2838.368	6.926	217805	1518	0.106	100
3183.4159	7.381	217748	1692	0.096	100
2751.2251	6.595	217691	1401	0.109	100
4963.6043	9.522	217686	2727	0.087	100
3691.5238	8.155	217593	1991	0.115	80
948.1359	1.081	217212	72	0.075	100
3519.4475	7.134	216806	1598	0.082	100
988.1372	2.933	216233	273	0.074	100
1961.2784	5.123	216074	885	0.108	99.9
7509.087	11.453	216032	3676	0.108	61.1
4186.5929	10.637	215858	3256	0.093	80
6287.9781	10.545	215388	3212	0.173	49
4187.4862	8.542	215387	2179	0.106	70
7625.0506	11.733	215339	3866	0.129	60
3622.5652	9.742	215270	2853	0.108	76.8
4792.9924	9.168	215117	2489	0.181	39.1
4927.6649	9.295	214959	2575	0.129	59.9
3279.4913	8.624	214163	2223	0.079	100
2635.7837	9.446	214137	2681	0.131	69.6
1835.2204	3.416	214014	481	0.076	100
5191.7052	9.426	213991	2663	0.149	68.5
4279.5598	8.01	213914	1929	0.084	80
692.1113	1.081	213292	74	0.07	100
2605.3209	6.592	213090	1394	0.078	100
8002.0151	10.912	212687	3363	0.121	60
4493.6513	10.718	212495	3285	0.096	99
2900.4057	7.058	212150	1563	0.1	96.9
7463.0221	11.606	211990	3788	0.134	66.2
9249.2294	11.282	211963	3573	0.134	57.6
2899.3648	5.975	211807	1183	0.142	83
7965.0467	10.414	211545	3170	0.09	59.1
4582.5969	9.025	211056	2410	0.077	80
4604.6087	9.031	210967	2415	0.127	70.1
1305.1877	2.31	210673	195	0.113	100
2445.2001	6.04	210250	1198	0.102	100
1343.1789	2.578	209909	240	0.126	100
1608.216	3.335	209561	455	0.198	80
1317.1881	3.622	209351	521	0.106	100
4922.5991	9.499	209278	2720	0.098	80
3716.3828	8.482	209146	2150	0.099	87
1702.2402	3.767	208415	534	0.113	100
2882.3812	6.621	208393	1414	0.117	100
2258.2885	6.862	208345	1493	0.07	100
1939.2355	5.481	208112	996	0.102	100
5299.9031	10.996	208101	3385	0.099	88.9
4175.5261	8.526	207738	2177	0.118	100
8641.131	11.694	207499	3832	0.106	73.3
8266.1383	10.325	207010	3134	0.124	60
9057.1522	10.862	206912	3346	0.162	53.9
6389.8124	9.741	206763	2852	0.143	60
9925.1536	11.847	206736	3896	0.158	43.7
3588.5085	8.022	206723	1933	0.138	66.4
7182.102	11.521	206364	3734	0.139	60
9115.2935	11.877	206269	3923	0.165	47
1655.25	4.896	206215	816	0.084	100
7960.0254	10.792	206100	3308	0.124	56.4
8286.145	10.348	205977	3148	0.127	55.2
2439.1859	6.04	205770	1197	0.099	99.9
5653.7791	10.164	205746	3059	0.109	60
5906.7395	9.766	205641	2876	0.102	63.3
8985.1092	11.727	205542	3854	0.093	80
6081.3001	11.397	205400	3658	0.138	47
5562.6757	9.56	205399	2751	0.114	85.2
6737.8401	9.998	205197	2979	0.145	50.1
8912.1609	11.506	205110	3719	0.103	80
2694.4086	7.378	205089	1688	0.119	100
753.5203	9.633	205077	2807	0.096	100
2242.3038	5.452	205059	989	0.111	99.4
2016.2907	5.13	205041	887	0.096	100
3214.4065	7.696	204850	1796	0.09	100
4811.6438	8.879	204737	2351	0.107	82.2
981.1517	2.938	204723	276	0.15	80
1317.1865	2.983	204689	329	0.089	100
7836.2515	11.716	204486	3846	0.152	57.6
3328.5	8.648	204028	2244	0.085	100
3014.3354	7.023	203777	1558	0.131	77.3
5262.5943	9.334	203603	2604	0.133	74.6
3395.3769	7.993	203519	1919	0.075	96.8
6912.9776	10.991	202898	3383	0.145	80
8269.0802	11.14	202774	3516	0.092	80
2379.2566	5.761	202602	1102	0.098	97.4
6399.8336	9.884	202505	2922	0.119	46
1568.2078	3.2	202340	392	0.14	72.8
3437.4209	7.741	202047	1813	0.087	100
2240.3239	5.964	201830	1180	0.104	100
786.0172	1.04	201619	50	0.093	100
8514.0782	11.056	201248	3451	0.105	62
4887.6053	9.191	200998	2509	0.104	68.3
2937.3453	6.913	200927	1514	0.096	100
7910.0649	11.568	200743	3766	0.193	42.3
4642.5191	9.347	200631	2620	0.104	87
2589.3282	6.22	200553	1268	0.12	98
6053.8196	9.463	200316	2692	0.102	71.2
3848.4927	8.03	200238	1936	0.097	100
5934.8723	10.326	200200	3136	0.136	45.6
2309.3576	7.485	200154	1720	0.099	100
3985.4598	8.515	199655	2171	0.081	60
4200.5569	8.638	199444	2236	0.1	97.6
4167.5432	8.042	199408	1938	0.103	80
2570.4077	5.575	198983	1037	0.111	100
8638.4212	11.556	198976	3753	0.107	60
1633.208	4.493	198587	723	0.125	100
4183.5392	7.873	198564	1875	0.137	89
1878.296	3.216	198403	406	0.09	100
6126.7601	9.753	198297	2869	0.134	54.9
7094.9971	11.027	198176	3419	0.149	45.1
5136.6849	9.201	197901	2513	0.145	80
3322.4595	7.105	197529	1593	0.089	100
9180.1524	10.819	197478	3317	0.099	49.4
2343.3274	5.24	197294	929	0.112	100
9252.0812	11.69	196963	3828	0.139	52
8463.158	11.749	196862	3880	0.136	60
3667.504	7.584	196644	1760	0.094	89.3
4293.5497	8.208	196296	2018	0.109	80
8166.0949	11.949	195924	3937	0.133	50.9
1675.2661	6.177	195473	1256	0.094	100
3951.6147	10.077	195316	3010	0.076	100
2007.2793	5.285	195051	941	0.085	100
8424.1919	11.663	194776	3810	0.117	39.7
9601.4458	11.841	194310	3895	0.166	56.5
1916.2524	4.175	194123	621	0.09	100
1264.1528	3.434	193827	485	0.117	100
6928.9133	11.081	193708	3485	0.148	60
10251.3337	11.07	193637	3469	0.14	52.7
2035.2865	3.886	193486	556	0.112	100
1498.0826	3.24	193425	424	0.097	80
2999.3767	7.007	193343	1550	0.115	100
6509.8313	10	193089	2981	0.144	60
1011.1633	4.263	193065	641	0.089	100
2224.2937	4.878	192992	812	0.086	100
2745.2108	6.594	192910	1398	0.111	100
3947.4271	7.99	192508	1916	0.13	74
8948.3644	11.489	192460	3701	0.121	60
2914.3845	6.304	192378	1284	0.14	72.2
4088.4881	8.579	192100	2186	0.086	80
1767.2068	4.07	191995	590	0.206	73.5
3968.6118	9.804	191981	2891	0.111	81.3
4185.5268	7.866	191940	1873	0.182	63.4
5644.8553	10.991	191460	3384	0.111	66.4
5324.7491	9.849	191393	2915	0.126	60
3322.5062	7.091	191203	1587	0.091	100
2562.345	5.056	190862	870	0.11	90.1
1928.2513	3.079	190780	356	0.152	96.6
997.1478	2.954	190455	299	0.07	100
1623.213	2.148	190374	171	0.106	92
3526.4281	7.38	190157	1691	0.106	100
3213.425	6.665	190128	1423	0.077	100
4072.4968	8.45	189967	2125	0.089	95.6
4174.537	8.069	189935	1950	0.1	84.7
2047.2862	4.317	189886	661	0.082	100
1286.1886	2.996	189737	335	0.115	100
9083.2459	11.931	189673	3929	0.138	72.7
865.1002	1.002	189465	33	0.066	100
4808.6184	8.736	189228	2277	0.142	80
1631.2395	3.882	189220	555	0.118	100
5474.6571	9.605	188835	2785	0.109	68.8
2362.2779	6.099	188669	1230	0.151	80
3181.3764	6.91	188375	1510	0.096	94.7
1827.1363	4.489	188358	720	0.152	100
3500.4858	9.139	187737	2470	0.097	79.2
3533.4579	7.155	187692	1607	0.115	100
1987.2617	7.764	187643	1826	0.112	93.9
3693.5338	8.151	187377	1988	0.135	100
2996.3236	7.013	186921	1554	0.072	100
7964.0116	10.91	186747	3359	0.068	80
9252.2185	11.74	186578	3872	0.099	91.5
9966.385	11.312	186428	3607	0.114	60
1513.2002	3.404	186279	476	0.133	98.2
7309.8835	10.595	186054	3229	0.124	51.1
4818.6303	8.737	185814	2278	0.118	62
3907.4447	8.253	185792	2025	0.12	80
4163.5668	8.635	185633	2233	0.138	80
2977.4014	6.156	185598	1247	0.104	69.3
3198.4158	8.354	185555	2067	0.136	80
7757.016	11.729	185480	3860	0.172	38.6
4605.8769	10.76	185220	3293	0.141	48.5
5707.5474	9.355	185093	2630	0.112	65.1
5397.892	9.326	184987	2598	0.171	69.1
3453.4874	7.909	184961	1885	0.073	100
1292.6848	6.362	184349	1315	0.172	80
4605.5446	9.032	183703	2416	0.087	86.2
5490.7001	10.546	183610	3213	0.098	59.8
1660.2549	7.078	183487	1578	0.086	80
4349.4372	8.942	183483	2377	0.096	100
4120.5654	9.471	183128	2707	0.088	100
2265.2702	6.37	183011	1328	0.157	80
5436.6985	9.6	182999	2780	0.143	62.5
4277.4819	8.582	182961	2191	0.1	80
7927.0933	10.422	182657	3172	0.063	77.3
5117.7009	10.779	182537	3306	0.106	59.5
1607.227	3.35	182005	460	0.15	80
989.1251	1.25	181859	111	0.151	80
4199.5688	8.06	181764	1944	0.121	80
1333.1845	2.569	181683	233	0.113	100
6164.7628	9.824	181535	2901	0.124	66
753.3366	7.249	181361	1645	0.107	80
6649.9578	9.893	181196	2934	0.08	100
5460.7082	9.113	181090	2450	0.107	72.1
1711.2524	4.273	180798	644	0.149	75.8
1938.2469	5.964	180588	1181	0.1	100
7832.1327	11.625	180331	3791	0.138	40.9
5184.7202	10.425	179841	3176	0.114	60
1951.2267	5.38	179518	971	0.121	100
6014.8549	9.739	179435	2848	0.104	87.9
4185.5751	8.891	179325	2362	0.175	79.2
3542.4718	7.665	178801	1791	0.093	74
3651.5002	7.786	178628	1835	0.084	100
8481.2803	11.941	178512	3932	0.119	55.6
5211.653	8.834	178330	2323	0.122	71
982.1374	3.27	178126	438	0.105	100
1094.0968	2.158	178025	174	0.106	90
1944.2534	4.446	177773	701	0.162	80
4808.6135	9.172	177663	2494	0.13	60.8
4812.7044	10.882	177243	3351	0.126	60
6969.9201	10.052	177166	3002	0.096	61
5195.6755	9.689	177164	2830	0.111	72.1
1951.2786	4.944	176855	837	0.114	89.5
7769.9585	10.34	176647	3143	0.178	55.2
9196.2234	11.555	175076	3751	0.21	41.3
4559.5773	8.156	175023	1992	0.078	94.5
6431.8496	10.032	174709	2990	0.091	63.4
4174.5249	7.816	174466	1850	0.105	80
5233.6746	9.282	174445	2555	0.106	60
6213.8088	10.089	174367	3020	0.161	57.6
2343.327	4.599	174341	745	0.09	100
8777.1868	11.886	174340	3926	0.131	59.1
2643.2519	6.193	173910	1264	0.107	80
2954.3789	6.482	173542	1360	0.092	100
1279.162	1.923	173400	143	0.205	80
6082.7513	9.58	173395	2764	0.127	67.1
1980.2504	4.304	173357	654	0.13	100
3156.4479	9.17	173288	2492	0.11	100
6665.9395	10.106	173225	3034	0.09	60
4755.6722	9.047	173201	2427	0.101	80
7837.2071	11.506	173092	3717	0.098	60
6695.944	9.737	172894	2844	0.141	45.7
9576.2936	10.779	172812	3305	0.129	53.3
714.7525	8.891	172694	2361	0.13	80
4472.5938	8.635	172689	2232	0.124	80
5154.6663	9.27	172672	2545	0.179	60.4
7313.95	10.397	172615	3165	0.097	61.3
8116.1446	11.612	172570	3789	0.136	67
2826.3908	8.313	171287	2041	0.11	100
3257.4536	8.27	171199	2033	0.071	100
5170.685	9.453	171134	2683	0.136	81
6962.9548	10.013	170985	2985	0.101	90.1
3563.2298	11.724	170978	3850	0.163	72.8
1968.2592	4.884	170977	815	0.076	100
5163.6606	8.887	170750	2357	0.124	60
6186.2848	11.304	170680	3597	0.14	37.9
6664.9093	9.424	170641	2659	0.124	66.5
2176.275	3.114	169852	375	0.073	100
7563.0388	11.427	169845	3665	0.153	49.4
4861.5379	9.15	169751	2477	0.187	64.2
1422.1617	3.504	169646	499	0.11	99.9
2629.4352	8.484	169356	2151	0.093	87
3830.5818	7.714	169033	1804	0.125	80
2225.3702	5.045	168886	868	0.081	100
9290.1659	11.743	168834	3878	0.089	75.2
2583.228	5.947	168654	1165	0.08	100
5467.74	9.91	168562	2947	0.157	60
1833.1514	4.487	168493	716	0.148	100
4028.4245	8.709	168470	2263	0.088	100
8253.0301	11.008	168469	3388	0.127	70.3
2289.3404	6.191	168344	1262	0.121	100
5234.6901	9.426	167789	2662	0.115	80
7635.9993	10.096	167617	3030	0.114	42.8
7218.9844	11.055	167452	3448	0.134	62.3
7636.9831	10.667	167440	3273	0.139	59.4
3328.501	8.489	167281	2155	0.097	80
3014.4222	6.391	167137	1337	0.103	100
2268.2966	5.821	166984	1122	0.113	100
2709.3797	5.868	166958	1126	0.085	100
2235.2659	6.047	166540	1206	0.096	96.6
2877.3803	7.573	166163	1754	0.107	100
1228.2085	2.921	166120	262	0.07	100
9085.2444	11.944	166060	3935	0.122	31.6
2309.2851	5.733	165869	1087	0.155	80
3830.4751	8.19	165841	2008	0.077	79.5
2944.4347	8.133	165679	1975	0.086	100
4160.5565	8.722	165616	2271	0.115	66.7
7972.1636	10.219	165550	3069	0.119	41.9
2182.2902	3.116	165402	379	0.081	100
1254.1551	2.106	165391	161	0.076	100
3511.4692	7.86	165307	1866	0.111	80
3220.4971	6.587	164919	1390	0.093	80
4196.5277	8.872	164740	2345	0.104	71.4
4962.6445	9.341	164599	2609	0.18	56.5
4193.5572	8.734	164192	2276	0.117	63.5
6044.8905	9.592	164156	2775	0.109	80
8910.1102	11.043	163696	3441	0.113	60
3017.4182	6.77	163526	1471	0.101	87.5
5919.8446	10.259	163522	3095	0.113	65.8
4537.5993	9.383	163284	2643	0.167	72.3
9998.3353	11.964	162485	3944	0.136	57.8
4626.6587	10.702	162177	3280	0.133	51.7
5811.7544	10.102	162175	3033	0.12	60
3630.4917	11.274	162174	3567	0.188	38.4
5058.6785	8.761	162138	2295	0.093	80
6642.9881	11.145	162045	3522	0.119	61.6
4970.7165	10.621	161999	3252	0.079	60.5
6492.8716	11.356	161969	3629	0.134	40.2
1639.2076	3.585	161859	514	0.109	82.8
1645.1953	4.689	161527	762	0.117	100
6955.9817	9.84	160999	2911	0.095	100
1639.2081	2.915	160788	259	0.127	100
4143.5428	7.879	160692	1879	0.099	80
2364.3344	5.239	160554	927	0.107	100
958.1336	1.264	160550	115	0.172	100
9034.995	9.007	160456	2399	0.108	81.1
1035.1749	4.087	160414	595	0.101	100
9177.2583	11.863	160304	3904	0.228	30.5
4965.6085	9.522	160286	2726	0.088	100
663.9126	8.644	160052	2241	0.109	80
6037.8927	9.818	159908	2897	0.127	62.3
7072.9627	11.061	159846	3456	0.131	56.7
5387.6924	9.28	159813	2552	0.099	66.6
4732.6776	8.501	159601	2166	0.09	100
7603.8582	10.334	159216	3141	0.13	57.1
3657.5491	9.146	159198	2474	0.15	66.7
6087.863	9.709	159103	2836	0.127	60
5796.7775	10.657	159023	3263	0.146	60
2672.367	5.566	159012	1032	0.075	100
6583.143	11.286	159002	3579	0.122	48.3
3273.4783	8.646	158978	2242	0.075	99.3
8895.1636	11.035	158976	3429	0.153	75.3
3384.5008	8.116	158814	1961	0.125	90.4
5155.6927	9.16	158557	2482	0.112	52
2817.3658	6.092	158467	1223	0.091	100
1358.1921	3.236	157880	417	0.094	100
3908.5095	7.406	157718	1698	0.092	81.1
8664.0155	11.699	157625	3837	0.129	60
1992.1799	4.757	157508	781	0.176	100
4559.5798	8.762	157345	2296	0.122	64.2
2305.2821	5.886	157180	1135	0.221	80
4841.6439	8.782	157020	2308	0.093	69.1
1967.2756	5.541	156901	1025	0.105	100
1880.3257	4.687	156316	761	0.083	100
2361.2307	6.075	156257	1213	0.191	80
6112.6899	10.806	156187	3313	0.112	60
2380.26	5.762	155721	1105	0.094	53.3
10254.2927	11.993	155606	3963	0.134	77.8
2014.2751	3.918	155580	566	0.087	100
3543.4519	8.66	155335	2249	0.101	98
6733.9206	9.752	155108	2867	0.094	60
7884.1048	11.67	154467	3816	0.122	51
2665.2314	6.153	154250	1246	0.104	80.1
1793.2809	3.078	154141	354	0.067	100
1651.2546	5.064	154043	875	0.093	100
7490.0037	11.468	153941	3684	0.12	57.6
6341.8836	9.467	153803	2702	0.099	80
1262.183	2.144	153547	169	0.116	100
3731.524	11.817	153217	3886	0.116	58.7
2020.311	6.139	153205	1239	0.131	84.4
5822.7375	9.589	153165	2770	0.13	77
2243.2892	6.266	152812	1278	0.092	80